   2.2716000e-03   1.2735711e+01   5.3527459e-01
   2.5126000e-03   1.0481516e+01   4.0239281e-01
   2.7537000e-03   8.3698101e+00   3.0786558e-01
   2.9948000e-03   7.1951415e+00   2.9756814e-01
   3.2359000e-03   5.9647888e+00   2.2542771e-01
   3.4769000e-03   5.1909828e+00   1.8639103e-01
   3.7180000e-03   4.5407317e+00   1.6950563e-01
   3.9591000e-03   4.0704039e+00   1.5072056e-01
   4.2002000e-03   3.6330984e+00   1.3763199e-01
   4.4412000e-03   3.3299175e+00   1.1760112e-01
   4.6823000e-03   3.0572381e+00   1.1049511e-01
   4.9234000e-03   2.7444793e+00   1.0147497e-01
   5.1644000e-03   2.5983088e+00   8.7758332e-02
   5.4055000e-03   2.3425989e+00   7.5765207e-02
   5.6466000e-03   2.1869128e+00   7.4402912e-02
   5.8877000e-03   1.9991308e+00   6.7984353e-02
   6.1287000e-03   1.8326941e+00   5.5432027e-02
   6.3698000e-03   1.7077771e+00   5.6066473e-02
   6.6109000e-03   1.5683169e+00   4.9716326e-02
   6.8520000e-03   1.4303694e+00   4.6877087e-02
   7.0930000e-03   1.3419226e+00   4.4756282e-02
   7.3341000e-03   1.2159610e+00   3.5193801e-02
   7.5752000e-03   1.1610787e+00   3.5270260e-02
   7.8163000e-03   1.0785887e+00   2.8867854e-02
   8.0573000e-03   1.0101491e+00   2.9444132e-02
   8.2984000e-03   9.2220658e-01   2.3906117e-02
   8.5395000e-03   8.8006017e-01   2.2645231e-02
   8.7805000e-03   8.4756765e-01   2.3808845e-02
   9.0216000e-03   8.1152514e-01   2.4354599e-02
   9.2627000e-03   7.6224172e-01   2.0231097e-02
   9.5038000e-03   7.4041802e-01   2.0674034e-02
   9.7448000e-03   7.0956515e-01   2.1997859e-02
   9.9859000e-03   6.8492938e-01   1.7470264e-02
   1.0227000e-02   6.3157674e-01   1.5630466e-02
   1.0468000e-02   6.2399293e-01   1.5021410e-02
   1.0709000e-02   6.0038596e-01   1.4212322e-02
   1.0950000e-02   5.7077402e-01   1.5863549e-02
   1.1191000e-02   5.4169867e-01   1.4886698e-02
   1.1432000e-02   5.2226045e-01   1.5406116e-02
   1.1673000e-02   5.1029012e-01   1.1528112e-02
   1.1914000e-02   4.8040815e-01   1.4563782e-02
   1.2156000e-02   4.5723558e-01   1.0742500e-02
   1.2397000e-02   4.2939451e-01   1.8174505e-02
   1.2638000e-02   4.2248363e-01   1.2670026e-02
   1.2879000e-02   4.0455737e-01   1.0000146e-02
   1.3120000e-02   3.9339715e-01   8.2638149e-03
   1.3361000e-02   3.7273945e-01   1.0329736e-02
   1.3602000e-02   3.6157170e-01   9.0624287e-03
   1.3843000e-02   3.5192921e-01   7.4639440e-03
   1.4084000e-02   3.3401780e-01   7.3158647e-03
   1.4325000e-02   3.2218767e-01   7.0788913e-03
   1.4566000e-02   3.1444415e-01   8.6074606e-03
   1.4807000e-02   3.0098346e-01   9.1180037e-03
   1.5048000e-02   2.9343159e-01   8.8587158e-03
   1.5290000e-02   2.8413554e-01   7.8524004e-03
   1.5531000e-02   2.7125923e-01   6.8868384e-03
   1.5772000e-02   2.6755998e-01   7.7359778e-03
   1.6013000e-02   2.5413127e-01   6.0760147e-03
   1.6254000e-02   2.4784034e-01   6.3958716e-03
   1.6495000e-02   2.3923633e-01   6.1910615e-03
   1.6736000e-02   2.3198631e-01   6.3061934e-03
   1.6977000e-02   2.2236748e-01   5.9578205e-03
   1.7218000e-02   2.1573337e-01   4.6113042e-03
   1.7459000e-02   2.1105180e-01   4.7419221e-03
   1.7700000e-02   2.0326540e-01   4.0900294e-03
   1.7941000e-02   1.9710137e-01   5.4458131e-03
   1.8182000e-02   1.9180466e-01   3.7667325e-03
   1.8423000e-02   1.8280963e-01   5.8181939e-03
   1.8665000e-02   1.8038982e-01   4.6143319e-03
   1.8906000e-02   1.6978818e-01   6.1945802e-03
   1.9147000e-02   1.6794123e-01   7.4587496e-03
   1.9388000e-02   1.6156744e-01   5.9936487e-03
   1.9629000e-02   1.5713938e-01   4.3515288e-03
   1.9870000e-02   1.5399631e-01   5.1198788e-03
   2.0111000e-02   1.4976568e-01   5.8092846e-03
   2.0352000e-02   1.4623174e-01   5.5226945e-03
   2.0593000e-02   1.4322475e-01   5.0499802e-03
   2.0834000e-02   1.3942836e-01   4.2775948e-03
   2.1075000e-02   1.3563024e-01   4.0743530e-03
   2.1316000e-02   1.3039149e-01   3.9193700e-03
   2.1557000e-02   1.2843615e-01   3.7568370e-03
   2.1798000e-02   1.2257694e-01   2.4096344e-03
   2.2040000e-02   1.2023234e-01   3.0642634e-03
   2.2281000e-02   1.1761808e-01   4.0592660e-03
   2.2522000e-02   1.1519545e-01   2.8126386e-03
   2.2763000e-02   1.1363734e-01   2.7168031e-03
   2.3004000e-02   1.0971230e-01   3.2898743e-03
   2.3245000e-02   1.0952549e-01   4.3314761e-03
   2.3486000e-02   1.0438879e-01   3.2924339e-03
   2.3727000e-02   1.0444303e-01   3.1649503e-03
   2.3968000e-02   9.9461214e-02   2.6388730e-03
   2.4209000e-02   9.8949434e-02   3.0456850e-03
   2.4450000e-02   9.4453362e-02   3.0061479e-03
   2.4691000e-02   9.1643671e-02   1.8496286e-03
   2.4932000e-02   9.4172994e-02   3.5439324e-03
   2.5174000e-02   9.0211316e-02   2.0646818e-03
   2.5415000e-02   8.6575242e-02   1.6317304e-03
   2.5656000e-02   8.7436059e-02   2.4101227e-03
   2.5897000e-02   8.2469134e-02   1.4859054e-03
   2.6138000e-02   8.2310689e-02   2.6257546e-03
   2.6379000e-02   7.9788657e-02   3.3932590e-03
   2.6620000e-02   7.9211469e-02   2.0681614e-03
   2.6861000e-02   8.0234668e-02   1.7224486e-03
   2.7102000e-02   7.6724180e-02   3.4985241e-03
   2.7343000e-02   7.5359404e-02   2.1714410e-03
   2.7584000e-02   7.3032937e-02   1.5684328e-03
   2.7825000e-02   7.0402162e-02   2.5630236e-03
   2.8066000e-02   6.8333592e-02   2.1976570e-03
   2.8307000e-02   6.7287198e-02   2.1418926e-03
   2.8549000e-02   6.6778895e-02   1.3428149e-03
   2.8790000e-02   6.4180400e-02   2.2063468e-03
   2.9031000e-02   6.3495776e-02   2.8609291e-03
   2.9272000e-02   6.2804896e-02   3.1059718e-03
   2.9513000e-02   6.0671100e-02   2.1063362e-03
   2.9754000e-02   6.0110705e-02   1.6319207e-03
   2.9995000e-02   5.9170661e-02   1.9882212e-03
   3.0236000e-02   5.7471834e-02   1.2606499e-03
   3.0477000e-02   5.6439523e-02   2.0419225e-03
   3.0718000e-02   5.5675247e-02   2.7201459e-03
   3.0959000e-02   5.4164306e-02   2.2176625e-03
   3.1200000e-02   5.3491835e-02   1.1462461e-03
   3.1441000e-02   5.2086929e-02   1.7134596e-03
   3.1682000e-02   5.0505101e-02   1.3056423e-03
   3.1924000e-02   4.8759696e-02   1.5725018e-03
   3.2165000e-02   4.9210994e-02   2.6900357e-03
   3.2406000e-02   4.8023464e-02   1.9184344e-03
   3.2647000e-02   4.8185285e-02   1.2432659e-03
   3.2888000e-02   4.6241102e-02   1.7997568e-03
   3.3129000e-02   4.5097379e-02   1.3164325e-03
   3.3370000e-02   4.4253606e-02   1.5866582e-03
   3.3611000e-02   4.2767273e-02   1.5737476e-03
   3.3852000e-02   4.2440917e-02   2.2067663e-03
   3.4093000e-02   4.1616159e-02   1.3332494e-03
   3.4334000e-02   4.0818819e-02   1.3424834e-03
   3.4575000e-02   4.0361959e-02   1.9200457e-03
   3.4816000e-02   4.0737632e-02   2.2258312e-03
   3.5057000e-02   3.8830211e-02   1.5073151e-03
   3.5299000e-02   3.8200373e-02   2.2631242e-03
   3.5540000e-02   3.7140413e-02   2.0388137e-03
   3.5781000e-02   3.5213107e-02   1.9464009e-03
   3.6022000e-02   3.3546234e-02   1.5353314e-03
   3.6263000e-02   3.4843185e-02   1.3228694e-03
   3.6504000e-02   3.4802573e-02   1.5310495e-03
   3.6745000e-02   3.4702707e-02   1.7939444e-03
   3.6986000e-02   3.3587153e-02   1.4941299e-03
   3.7227000e-02   3.2820253e-02   1.3751487e-03
   3.7468000e-02   3.2052831e-02   1.4251944e-03
   3.7709000e-02   3.0571494e-02   7.9182888e-04
   3.7950000e-02   3.0223133e-02   1.7865713e-03
   3.8191000e-02   2.9964344e-02   6.4549216e-04
   3.8433000e-02   2.9041952e-02   9.5683329e-04
   3.8674000e-02   2.8704891e-02   1.1553778e-03
   3.8915000e-02   2.8642566e-02   1.3192162e-03
   3.9156000e-02   2.7680607e-02   1.5321314e-03
   3.9397000e-02   2.7585960e-02   6.9571160e-04
   3.9638000e-02   2.7555776e-02   2.4785185e-03
   3.9879000e-02   2.7451701e-02   1.5055977e-03
   4.0120000e-02   2.6257642e-02   1.2170924e-03
   4.0361000e-02   2.5533009e-02   1.7340825e-03
   4.0602000e-02   2.5176097e-02   8.4029728e-04
   4.0843000e-02   2.4776792e-02   1.2066190e-03
   4.1084000e-02   2.4938043e-02   9.2654647e-04
   4.1325000e-02   2.4565644e-02   7.3317476e-04
   4.1566000e-02   2.3998020e-02   7.8848959e-04
   4.1808000e-02   2.3864766e-02   9.7223541e-04
   4.2049000e-02   2.3870663e-02   5.4404115e-04
   4.2290000e-02   2.2774721e-02   1.3110296e-03
   4.2531000e-02   2.2301250e-02   7.6488295e-04
   4.2772000e-02   2.2188606e-02   1.3087293e-03
   4.3013000e-02   2.1466951e-02   1.8018864e-03
   4.3254000e-02   2.1199338e-02   9.0518271e-04
   4.3495000e-02   2.0386381e-02   2.1144181e-03
   4.3736000e-02   1.9998448e-02   1.8235689e-03
   4.3977000e-02   1.9920829e-02   1.3796620e-03
   4.4218000e-02   1.9615826e-02   6.3675298e-04
   4.4459000e-02   1.9239373e-02   8.5549487e-04
   4.4700000e-02   1.8238314e-02   1.4582740e-03
   4.4941000e-02   1.7742263e-02   9.8785536e-04
   4.5183000e-02   1.8243235e-02   1.7185478e-03
   4.5424000e-02   1.8143991e-02   1.2366515e-03
   4.5665000e-02   1.7652747e-02   9.6239564e-04
   4.5906000e-02   1.7200285e-02   9.0885187e-04
   4.6147000e-02   1.6268543e-02   8.4046066e-04
   4.6388000e-02   1.5998363e-02   8.2405632e-04
   4.6629000e-02   1.6196742e-02   1.0276466e-03
   4.6870000e-02   1.5544107e-02   1.1390692e-03
   4.7111000e-02   1.6666808e-02   7.7039103e-04
   4.7352000e-02   1.5347888e-02   8.5247514e-04
   4.7593000e-02   1.4951968e-02   7.6186531e-04
   4.7834000e-02   1.4798792e-02   8.3386760e-04
   4.8075000e-02   1.5323991e-02   9.1443269e-04
   4.8316000e-02   1.5253041e-02   1.3942194e-03
   4.8558000e-02   1.5047040e-02   7.7002599e-04
   4.8799000e-02   1.3909971e-02   9.6433687e-04
   4.9040000e-02   1.3698477e-02   7.1533320e-04
   4.9281000e-02   1.3951954e-02   9.2956255e-04
   4.9522000e-02   1.3196940e-02   1.0004044e-03
   4.9763000e-02   1.3054382e-02   6.8914571e-04
   5.0004000e-02   1.2299739e-02   7.4383413e-04
   5.0245000e-02   1.2240743e-02   7.3606339e-04
   5.0486000e-02   1.2839189e-02   1.3861967e-03
   5.0727000e-02   1.2329102e-02   6.9159612e-04
   5.0968000e-02   1.2158178e-02   1.0895363e-03
   5.1209000e-02   1.2257261e-02   6.2188728e-04
   5.1450000e-02   1.1270979e-02   8.6961231e-04
   5.1691000e-02   1.1470307e-02   8.0354111e-04
   5.1933000e-02   1.0681446e-02   9.0516593e-04
   5.2174000e-02   1.1175830e-02   1.1987458e-03
   5.2415000e-02   1.1060702e-02   1.0348405e-03
   5.2656000e-02   1.1205166e-02   9.6589214e-04
   5.2897000e-02   9.9000725e-03   6.5461993e-04
   5.3138000e-02   9.7464256e-03   7.8892906e-04
   5.3379000e-02   1.0036827e-02   1.1571416e-03
   5.3620000e-02   9.8272629e-03   8.6817939e-04
   5.3861000e-02   9.4423704e-03   1.4996145e-03
   5.4102000e-02   9.9315728e-03   7.7764207e-04
   5.4343000e-02   8.8434324e-03   9.6343056e-04
   5.4584000e-02   9.2094079e-03   1.2008132e-03
   5.4825000e-02   9.6902408e-03   9.4538283e-04
   5.5066000e-02   9.6135208e-03   1.0336429e-03
   5.5308000e-02   8.8837621e-03   9.6894911e-04
   5.5549000e-02   8.2947146e-03   7.0361923e-04
   5.5790000e-02   9.1335264e-03   1.2010971e-03
   5.6031000e-02   8.7783902e-03   8.8025633e-04
   5.6272000e-02   8.6759931e-03   7.8783314e-04
   5.6513000e-02   7.6413041e-03   6.4588565e-04
   5.6754000e-02   7.3959432e-03   5.4066088e-04
   5.6995000e-02   7.4837419e-03   3.9624381e-04
   5.7236000e-02   7.6883219e-03   1.1388481e-03
   5.7477000e-02   7.7363393e-03   8.7526130e-04
   5.7718000e-02   6.9998257e-03   1.3577720e-03
   5.7959000e-02   6.9402597e-03   8.4622679e-04
   5.8200000e-02   6.4384290e-03   3.8678190e-04
   5.8441000e-02   6.8601090e-03   1.1104287e-03
   5.8683000e-02   6.4682331e-03   7.9847375e-04
   5.8924000e-02   6.8177744e-03   8.6673140e-04
   5.9165000e-02   7.0517630e-03   7.8630143e-04
   5.9406000e-02   6.4381615e-03   1.0040184e-03
   5.9647000e-02   5.5877616e-03   1.6832801e-03
   5.9888000e-02   5.4181417e-03   8.5366750e-04
   6.0129000e-02   6.4710810e-03   4.6731377e-04
   6.0370000e-02   6.3370923e-03   5.5267614e-04
   6.0611000e-02   6.2091104e-03   5.9687310e-04
   6.0852000e-02   6.0379651e-03   1.0144342e-03
   6.1093000e-02   5.6723373e-03   8.9257998e-04
   6.1334000e-02   5.9892820e-03   7.4325347e-04
   6.1575000e-02   5.5937613e-03   1.2319129e-03
   6.1816000e-02   4.7471955e-03   9.4968759e-04
   6.2058000e-02   4.9910723e-03   1.0954721e-03
   6.2299000e-02   5.5085641e-03   3.7487023e-04
   6.2540000e-02   5.3652103e-03   9.8831203e-04
   6.2781000e-02   4.4953523e-03   7.8483131e-04
   6.3022000e-02   4.2661399e-03   8.2774168e-04
   6.3263000e-02   4.2039430e-03   1.2429661e-03
   6.3504000e-02   5.0622809e-03   7.6807426e-04
   6.3745000e-02   5.0642270e-03   6.0246818e-04
   6.3986000e-02   4.6472018e-03   7.2977095e-04
   6.4227000e-02   4.3526081e-03   7.5042067e-04
   6.4468000e-02   4.1457897e-03   5.5890265e-04
   6.4709000e-02   3.8412389e-03   9.4137943e-04
   6.4950000e-02   4.1919077e-03   1.0081781e-03
   6.5191000e-02   3.8581170e-03   7.1671197e-04
   6.5433000e-02   4.0651073e-03   1.0604053e-03
   6.5674000e-02   4.2922709e-03   6.9371034e-04
   6.5915000e-02   4.2905401e-03   9.8955534e-04
   6.6156000e-02   3.6242935e-03   6.4934028e-04
   6.6397000e-02   3.6856312e-03   7.0703156e-04
   6.6638000e-02   3.6837246e-03   5.5319519e-04
   6.6879000e-02   3.7571900e-03   8.0810715e-04
   6.7120000e-02   3.5049495e-03   7.1930380e-04
   6.7361000e-02   3.3654919e-03   8.4313898e-04
   6.7602000e-02   3.4903633e-03   1.0164344e-03
   6.7843000e-02   3.4590242e-03   8.9526588e-04
   6.8084000e-02   3.0605880e-03   6.5105586e-04
   6.8325000e-02   3.2802766e-03   9.5240342e-04
   6.8566000e-02   1.7405184e-03   5.9878277e-04
   6.8808000e-02   2.7832465e-03   9.0032040e-04
   6.9049000e-02   3.2854073e-03   6.6204417e-04
   6.9290000e-02   3.3170997e-03   9.4713785e-04
   6.9531000e-02   2.9195993e-03   6.3183809e-04
   6.9772000e-02   2.8810315e-03   4.6407742e-04
   7.0013000e-02   2.7422512e-03   7.1876286e-04
   7.0254000e-02   2.8293921e-03   1.1036044e-03
   7.0495000e-02   2.5687220e-03   4.4363234e-04
   7.0736000e-02   3.4515473e-03   6.6185483e-04
   7.0977000e-02   3.1386399e-03   5.2616838e-04
   7.1218000e-02   3.1225923e-03   6.5651894e-04
   7.1459000e-02   2.4105711e-03   7.0986862e-04
   7.1700000e-02   2.7755992e-03   7.9111166e-04
   7.1941000e-02   2.4168407e-03   1.1775065e-03
   7.2183000e-02   1.9889220e-03   8.2123944e-04
   7.2424000e-02   2.3438418e-03   9.2666826e-04
   7.2665000e-02   2.9840897e-03   8.5263789e-04
   7.2906000e-02   3.1038442e-03   7.2534873e-04
   7.3147000e-02   2.4179667e-03   8.3869144e-04
   7.3388000e-02   1.9863210e-03   9.7737783e-04
   7.3629000e-02   2.2990821e-03   6.2109622e-04
   7.3870000e-02   1.7888613e-03   7.4826063e-04
   7.4111000e-02   2.2949948e-03   4.9826187e-04
   7.4352000e-02   1.9754789e-03   5.3755221e-04
   7.4593000e-02   2.6806500e-03   4.3430338e-04
   7.4834000e-02   1.9252584e-03   6.8149615e-04
   7.5075000e-02   1.8566152e-03   6.0135917e-04
   7.5316000e-02   1.7112709e-03   9.9286627e-04
   7.5558000e-02   1.3479164e-03   6.5546368e-04
   7.5799000e-02   1.1732461e-03   5.7048403e-04
   7.6040000e-02   1.0416967e-03   8.4035774e-04
   7.6281000e-02   1.3686032e-03   7.5106143e-04
   7.6522000e-02   1.3700401e-03   7.4424067e-04
   7.6763000e-02   1.8913920e-03   1.2454468e-03
   7.7004000e-02   2.0652944e-03   8.2831822e-04
   7.7245000e-02   2.0386443e-03   6.8289851e-04
   7.7486000e-02   1.5678281e-03   9.2218480e-04
   7.7727000e-02   1.1266431e-03   1.0294591e-03
   7.7968000e-02   1.1933794e-03   7.9377473e-04
   7.8209000e-02   1.3503273e-03   7.0443286e-04
   7.8450000e-02   8.5361027e-04   3.5776602e-04
   7.8691000e-02   1.2182572e-03   6.9555201e-04
   7.8932000e-02   1.2430929e-03   6.4979792e-04
   7.9174000e-02   1.7324170e-03   6.7744217e-04
   7.9415000e-02   1.5235729e-03   8.7848051e-04
   7.9656000e-02   1.1891803e-03   3.6060732e-04
   7.9897000e-02   8.3952000e-04   3.7257462e-04
   8.0138000e-02   1.1263026e-03   6.6130896e-04
   8.0379000e-02   1.0094012e-03   7.2592751e-04
   8.0620000e-02   1.8270470e-03   7.4039881e-04
   8.0861000e-02   1.6719977e-03   6.9216056e-04
   8.1102000e-02   1.0383134e-03   7.5878870e-04
   8.1343000e-02   1.5099849e-03   7.5061710e-04
   8.1584000e-02   9.7292259e-04   5.3693023e-04
   8.1825000e-02   1.4184165e-03   6.6789664e-04
   8.2066000e-02   1.5550460e-03   1.1485617e-03
   8.2307000e-02   1.5163493e-03   8.5381620e-04
   8.2549000e-02   1.6290612e-03   9.2843323e-04
   8.2790000e-02   1.4955109e-03   6.3605872e-04
   8.3031000e-02   1.2125160e-03   7.3688951e-04
   8.3272000e-02   1.2394469e-03   5.2777524e-04
   8.3513000e-02   1.1041212e-03   4.7875209e-04
   8.3754000e-02   6.8974468e-04   4.4263953e-04
   8.3995000e-02   1.4360257e-04   3.5410616e-04
   8.4236000e-02   6.4910668e-04   6.3439666e-04
   8.4477000e-02   8.2144130e-04   1.0301553e-03
   8.4718000e-02   3.5584882e-04   9.4895451e-04
   8.4959000e-02   1.0325078e-03   5.1483821e-04
   8.5200000e-02   8.7183073e-04   5.0649106e-04
   8.5441000e-02   1.0526537e-03   8.8343098e-04
   8.5682000e-02   1.2888060e-03   8.8796283e-04
   8.5924000e-02   1.2104006e-03   9.4498544e-04
   8.6165000e-02   1.0653359e-03   7.5873612e-04
   8.6406000e-02   1.1187852e-03   9.1884728e-04
   8.6647000e-02   8.3611074e-04   9.0007254e-04
   8.6888000e-02   1.3254255e-03   8.9345016e-04
   8.7129000e-02   1.3650686e-03   7.3246523e-04
   8.7370000e-02   1.0498215e-03   5.4336052e-04
   8.7611000e-02   4.7287524e-04   4.9734503e-04
   8.7852000e-02   1.3352766e-03   9.2452030e-04
   8.8093000e-02   1.2108788e-03   6.3456007e-04
   8.8334000e-02   1.0155160e-03   6.8876885e-04
   8.8575000e-02   7.3573279e-04   4.8072585e-04
   8.8816000e-02   2.7028464e-04   6.0243411e-04
   8.9057000e-02   4.4648886e-04   6.1799133e-04
   8.9298000e-02   7.1050069e-04   9.8413720e-04
   8.9540000e-02   8.9056926e-04   8.5634526e-04
   8.9781000e-02   3.8345728e-04   5.2298401e-04
   9.0022000e-02   7.8641691e-04   6.6682133e-04
   9.0263000e-02   9.7104318e-04   8.6090682e-04
   9.0504000e-02   9.0011320e-04   8.5767784e-04
   9.0745000e-02   8.8269870e-04   7.5325277e-04
   9.0986000e-02   4.4240707e-04   3.9307537e-04
   9.1227000e-02   9.2231881e-04   5.0080544e-04
   9.1468000e-02   7.1549918e-04   6.5214832e-04
   9.1709000e-02   4.3312585e-04   6.1865511e-04
   9.1950000e-02   3.1106019e-04   6.3200019e-04
   9.2191000e-02   4.4097910e-04   6.2533082e-04
   9.2432000e-02   9.5330687e-04   5.1864784e-04
   9.2673000e-02   9.3889779e-04   3.5550760e-04
   9.2915000e-02   9.2796056e-04   5.6949775e-04
   9.3156000e-02   9.3850216e-04   7.8125577e-04
   9.3397000e-02   1.3125934e-03   5.4136356e-04
   9.3638000e-02   8.0772231e-04   5.7322485e-04
   9.3879000e-02   8.5864400e-04   6.9813551e-04
   9.4120000e-02   5.6648356e-04   5.7238101e-04
   9.4361000e-02   7.4470887e-04   6.6006403e-04
   9.4602000e-02   8.9677683e-04   4.0661227e-04
   9.4843000e-02   7.1218789e-04   6.7408624e-04
   9.5084000e-02   1.1074371e-03   9.3750556e-04
   9.5325000e-02   7.8403429e-04   7.8527628e-04
   9.5566000e-02   1.0754144e-03   7.6962991e-04
   9.5807000e-02   1.0483419e-03   6.5834003e-04
   9.6048000e-02   1.4043948e-03   4.6289446e-04
   9.6289000e-02   8.5970659e-04   6.2454729e-04
   9.6531000e-02  -1.3628638e-04   5.0661845e-04
   9.6772000e-02   7.3738861e-04   6.5860103e-04
   9.7013000e-02   9.7016103e-04   6.4063587e-04
   9.7254000e-02   1.0499186e-03   6.4275437e-04
   9.7495000e-02   1.2472556e-03   8.1303911e-04
   9.7736000e-02   9.7165129e-04   8.7165842e-04
   9.7977000e-02   9.6290688e-04   8.5262488e-04
   9.8218000e-02   6.7300718e-04   5.3249041e-04
   9.8459000e-02   8.6087248e-04   7.6913742e-04
   9.8700000e-02   1.2276873e-03   7.4857743e-04
   9.8941000e-02   8.6544453e-04   5.9688223e-04
   9.9182000e-02   1.1578098e-03   7.0769268e-04
   9.9423000e-02   1.0378882e-03   7.6041410e-04
   9.9664000e-02   6.9224935e-04   6.6664065e-04
   9.9906000e-02   9.6704324e-04   7.2435866e-04
   1.0015000e-01   8.9642036e-04   4.3673243e-04
   1.0039000e-01   6.9823097e-04   8.2531080e-04
   1.0063000e-01   8.4899205e-04   7.2701658e-04
   1.0087000e-01   7.8389807e-04   4.5104086e-04
   1.0111000e-01   7.5166831e-04   4.2966065e-04
   1.0135000e-01   3.7903256e-04   5.6112836e-04
   1.0159000e-01   4.0626160e-04   6.6037462e-04
   1.0183000e-01   5.1619287e-04   7.1793472e-04
   1.0208000e-01   3.4133602e-04   6.7086417e-04
   1.0232000e-01   5.2482452e-04   3.6512498e-04
   1.0256000e-01   3.5628648e-04   4.1421104e-04
   1.0280000e-01   6.0081033e-04   9.1540990e-04
   1.0304000e-01   4.6045445e-04   6.6794586e-04
   1.0328000e-01   7.3478486e-04   3.5800070e-04
   1.0352000e-01  -1.7743288e-06   6.2296934e-04
   1.0376000e-01  -8.0653036e-04   1.0741823e-03
   1.0400000e-01   2.6025663e-04   5.3637381e-04
   1.0424000e-01   6.1918930e-04   5.5733186e-04
   1.0449000e-01   1.8126528e-04   1.2061481e-03
   1.0473000e-01  -1.8938051e-04   2.1654238e-03
   1.0497000e-01   6.5464178e-04   5.6275969e-04
   1.0521000e-01   5.3573856e-04   7.2099864e-04
   1.0545000e-01   4.3692116e-04   8.0465445e-04
   1.0569000e-01   8.1892671e-04   9.2198336e-04
   1.0593000e-01   1.1563053e-03   5.5180945e-04
   1.0617000e-01   1.3518150e-03   9.2802034e-04
   1.0641000e-01   8.0246674e-04   5.9207086e-04
   1.0666000e-01   8.9925639e-04   5.3606137e-04
   1.0690000e-01   1.1954347e-03   6.2355665e-04
   1.0714000e-01   1.0151728e-03   6.6055251e-04
   1.0738000e-01   8.4430375e-04   5.6044555e-04
   1.0762000e-01   1.0047402e-03   5.9602661e-04
   1.0786000e-01   1.1637996e-03   6.0931317e-04
   1.0810000e-01   1.1179083e-03   5.0300252e-04
   1.0834000e-01   9.9025929e-04   5.2189601e-04
   1.0858000e-01   8.2226335e-04   4.8757654e-04
   1.0883000e-01   9.6606796e-04   5.1195969e-04
   1.0907000e-01   8.7177238e-04   4.5044494e-04
   1.0931000e-01   1.0597041e-03   7.7867889e-04
   1.0955000e-01   1.3943095e-03   7.9961863e-04
   1.0979000e-01   1.0354375e-03   7.0751371e-04
   1.1003000e-01   1.5637576e-03   8.5459876e-04
   1.1027000e-01   1.7521458e-03   8.8784009e-04
   1.1051000e-01   1.1787858e-03   7.7390077e-04
   1.1075000e-01   1.1697403e-03   9.1269094e-04
   1.1099000e-01   1.1278118e-03   5.8685693e-04
   1.1124000e-01   1.3878805e-03   5.2894749e-04
   1.1148000e-01   1.3311282e-03   3.8053685e-04
   1.1172000e-01   1.5304634e-03   3.5742129e-04
   1.1196000e-01   1.4538099e-03   4.5943359e-04
   1.1220000e-01   6.3115826e-04   6.8933869e-04
   1.1244000e-01   7.4904204e-04   5.0056175e-04
   1.1268000e-01   6.1328237e-04   6.5877530e-04
   1.1292000e-01   1.1229992e-03   6.9708613e-04
   1.1316000e-01   1.3977424e-03   8.4886356e-04
   1.1341000e-01   1.3059011e-03   5.6364427e-04
   1.1365000e-01   9.0455034e-04   5.9421492e-04
   1.1389000e-01   1.0156392e-03   5.8391905e-04
   1.1413000e-01   1.4807526e-03   6.7361687e-04
   1.1437000e-01   1.2645537e-03   5.7153425e-04
   1.1461000e-01   1.5930801e-03   5.0936611e-04
   1.1485000e-01   1.3417113e-03   5.1077127e-04
   1.1509000e-01   1.0356476e-03   5.3260342e-04
   1.1533000e-01   9.9941436e-04   5.0665428e-04
   1.1557000e-01   1.2261407e-03   8.8536596e-04
   1.1582000e-01   9.1646713e-04   8.6096770e-04
   1.1606000e-01   9.8687814e-04   6.5440245e-04
   1.1630000e-01   1.3315593e-03   6.5002118e-04
   1.1654000e-01   1.4966380e-03   5.9437294e-04
   1.1678000e-01   1.5446626e-03   4.3026019e-04
   1.1702000e-01   1.3870712e-03   3.5746672e-04
   1.1726000e-01   1.0791480e-03   6.7636557e-04
   1.1750000e-01   1.1268913e-03   5.7067677e-04
   1.1774000e-01   1.5525193e-03   6.9983902e-04
   1.1799000e-01   1.3890983e-03   5.5597911e-04
   1.1823000e-01   1.0504394e-03   4.4044303e-04
   1.1847000e-01   9.8450897e-04   5.3352485e-04
   1.1871000e-01   1.5523071e-03   7.0067385e-04
   1.1895000e-01   1.6128882e-03   6.6992291e-04
   1.1919000e-01   1.4091426e-03   7.2878613e-04
   1.1943000e-01   1.2802875e-03   5.3946607e-04
   1.1967000e-01   1.6373336e-03   6.6828715e-04
   1.1991000e-01   1.4687407e-03   6.8184044e-04
   1.2016000e-01   1.6414637e-03   7.4063422e-04
   1.2032000e-01   1.0148493e-03   2.4831218e-04
   1.2040000e-01   1.7652816e-03   5.3837093e-04
   1.2064000e-01   1.3929900e-03   5.7525299e-04
   1.2088000e-01   1.4912198e-03   5.8036560e-04
   1.2112000e-01   1.6842669e-03   7.2943467e-04
   1.2136000e-01   1.5234040e-03   7.1300700e-04
   1.2160000e-01   1.5193754e-03   8.2658881e-04
   1.2167000e-01   1.1495844e-03   1.6582079e-04
   1.2184000e-01   1.7112779e-03   7.6101997e-04
   1.2208000e-01   1.7319243e-03   5.9546690e-04
   1.2302000e-01   1.1394911e-03   2.2744028e-04
   1.2437000e-01   1.2431937e-03   2.2527805e-04
   1.2572000e-01   1.2644893e-03   2.1203760e-04
   1.2707000e-01   1.3086740e-03   2.2172183e-04
   1.2842000e-01   1.5515000e-03   1.4963176e-04
   1.2977000e-01   1.5288284e-03   1.6190582e-04
   1.3112000e-01   1.6206956e-03   1.9394285e-04
   1.3247000e-01   1.5589871e-03   1.8952343e-04
   1.3382000e-01   1.5777292e-03   2.2085856e-04
   1.3517000e-01   1.5498220e-03   2.2157922e-04
   1.3652000e-01   1.5766121e-03   1.8075046e-04
   1.3787000e-01   1.4892054e-03   2.5942390e-04
   1.3922000e-01   1.6308714e-03   1.5867398e-04
   1.4057000e-01   1.5628627e-03   2.0599721e-04
   1.4192000e-01   1.7291794e-03   1.8345225e-04
   1.4327000e-01   1.7734940e-03   1.9605350e-04
   1.4461000e-01   1.8540502e-03   1.6209971e-04
   1.4596000e-01   1.8566626e-03   1.9268413e-04
   1.4731000e-01   1.8371324e-03   2.0025673e-04
   1.4866000e-01   1.7648547e-03   1.6949593e-04
   1.5001000e-01   1.5955611e-03   2.0940922e-04
   1.5136000e-01   1.7475315e-03   1.9779033e-04
   1.5271000e-01   1.9084221e-03   2.4790366e-04
   1.5406000e-01   1.8868425e-03   2.2345490e-04
   1.5541000e-01   1.8162066e-03   1.9664566e-04
   1.5676000e-01   1.8465901e-03   2.3571109e-04
   1.5811000e-01   1.8840832e-03   2.4677796e-04
   1.5946000e-01   1.9353870e-03   2.6836988e-04
   1.6081000e-01   2.0118284e-03   2.0925912e-04
   1.6216000e-01   1.9147894e-03   1.9327543e-04
   1.6351000e-01   2.0919370e-03   2.4207651e-04
   1.6486000e-01   1.9607476e-03   2.5255585e-04
   1.6621000e-01   1.9836217e-03   1.5900651e-04
   1.6756000e-01   2.0022094e-03   1.7317212e-04
   1.6890000e-01   1.9024927e-03   2.4075773e-04
   1.7025000e-01   1.8960593e-03   2.0888523e-04
   1.7160000e-01   1.8615571e-03   1.8282794e-04
   1.7295000e-01   1.9001027e-03   1.7596140e-04
   1.7430000e-01   1.9894780e-03   2.0414568e-04
   1.7565000e-01   1.7951257e-03   1.5146131e-04
   1.7700000e-01   1.9611918e-03   1.8550167e-04
   1.7835000e-01   1.9534405e-03   2.7002499e-04
   1.7970000e-01   1.8787274e-03   1.9572611e-04
   1.8105000e-01   1.8846865e-03   1.9297281e-04
   1.8240000e-01   1.8077455e-03   1.9103344e-04
   1.8375000e-01   1.7442489e-03   1.9271584e-04
   1.8510000e-01   1.9252615e-03   1.6435354e-04
   1.8645000e-01   1.7826096e-03   2.0211801e-04
   1.8780000e-01   1.7382491e-03   2.1381353e-04
   1.8915000e-01   1.7564931e-03   2.1134187e-04
   1.9050000e-01   1.6622387e-03   2.1153366e-04
   1.9185000e-01   1.6916376e-03   1.9750490e-04
   1.9319000e-01   1.7334813e-03   2.0359620e-04
   1.9454000e-01   1.6628065e-03   1.4951260e-04
   1.9589000e-01   1.6887612e-03   1.8595528e-04
   1.9724000e-01   1.6694983e-03   2.3768358e-04
   1.9859000e-01   1.7013073e-03   1.7738674e-04
   1.9994000e-01   1.5543615e-03   2.2175032e-04
   2.0129000e-01   1.5448326e-03   1.8624547e-04
   2.0264000e-01   1.5225843e-03   2.2823952e-04
   2.0399000e-01   1.4306586e-03   1.8041721e-04
   2.0534000e-01   1.4796325e-03   2.2713002e-04
   2.0669000e-01   1.4241753e-03   1.4915433e-04
   2.0804000e-01   1.4375190e-03   1.7092435e-04
   2.0939000e-01   1.4124155e-03   1.6803084e-04
   2.1074000e-01   1.3288621e-03   2.0224559e-04
   2.1209000e-01   1.2251433e-03   2.0025160e-04
   2.1344000e-01   1.2552158e-03   1.5800000e-04
   2.1478000e-01   1.2240006e-03   1.7975348e-04
   2.1613000e-01   1.3238364e-03   2.0692934e-04
   2.1748000e-01   1.3846615e-03   1.6574838e-04
   2.1883000e-01   1.3340016e-03   1.5385422e-04
   2.2018000e-01   1.2176358e-03   2.2309357e-04
   2.2153000e-01   1.1049366e-03   1.7173846e-04
   2.2288000e-01   9.3767088e-04   1.4587436e-04
   2.2423000e-01   1.0498349e-03   2.2768073e-04
   2.2558000e-01   9.7191894e-04   1.7288238e-04
   2.2693000e-01   1.0159747e-03   2.0622599e-04
   2.2828000e-01   1.0169203e-03   1.9254496e-04
   2.2963000e-01   1.1348906e-03   1.9319060e-04
   2.3098000e-01   1.0545091e-03   2.0461532e-04
   2.3233000e-01   1.0022032e-03   1.9907723e-04
   2.3368000e-01   9.9844853e-04   1.4592343e-04
   2.3503000e-01   8.8476168e-04   1.6318818e-04
   2.3637000e-01   8.6644207e-04   1.9504140e-04
   2.3772000e-01   8.0405323e-04   1.8411830e-04
   2.3907000e-01   8.2687692e-04   1.4570679e-04
   2.4042000e-01   8.5980464e-04   1.5694933e-04
   2.4177000e-01   8.4584503e-04   1.9014419e-04
   2.4312000e-01   8.6099301e-04   1.6223970e-04
   2.4447000e-01   9.7645916e-04   1.5155852e-04
   2.4582000e-01   1.1851305e-03   1.8817853e-04
   2.4717000e-01   1.3531440e-03   1.5603399e-04
   2.4852000e-01   1.4256248e-03   1.7121777e-04
   2.4987000e-01   1.2699751e-03   1.8309097e-04
   2.5122000e-01   1.2073429e-03   1.7184253e-04
   2.5257000e-01   1.1122623e-03   1.5225658e-04
   2.5392000e-01   1.0160925e-03   1.6437808e-04
   2.5527000e-01   8.5016629e-04   1.5388356e-04
   2.5661000e-01   8.6969008e-04   1.5870613e-04
   2.5796000e-01   8.3771597e-04   2.0408930e-04
   2.5931000e-01   8.6003899e-04   1.7075317e-04
   2.6066000e-01   7.0091364e-04   1.9663253e-04
   2.6201000e-01   5.7407539e-04   1.8889571e-04
   2.6336000e-01   7.0137652e-04   1.6441054e-04
   2.6471000e-01   6.8749413e-04   1.5558767e-04
   2.6606000e-01   5.9635768e-04   1.6336137e-04
   2.6741000e-01   5.6965358e-04   1.8917592e-04
   2.6876000e-01   5.3497434e-04   1.7398897e-04
   2.7011000e-01   5.9754493e-04   1.7624859e-04
   2.7146000e-01   4.6703264e-04   1.5648081e-04
   2.7281000e-01   3.6354504e-04   1.6949620e-04
   2.7416000e-01   5.1281881e-04   1.7108966e-04
   2.7551000e-01   4.2081745e-04   1.9102391e-04
   2.7685000e-01   3.9735301e-04   1.8419786e-04
   2.7820000e-01   3.7519361e-04   1.5010617e-04
   2.7955000e-01   3.1161809e-04   1.7948196e-04
   2.8090000e-01   3.6686266e-04   1.6689700e-04
   2.8225000e-01   3.1144797e-04   1.5666165e-04
   2.8360000e-01   2.4789549e-04   1.4991850e-04
   2.8495000e-01   2.9028496e-04   1.3676956e-04
   2.8630000e-01   2.7043097e-04   1.8170797e-04
   2.8765000e-01   2.9028104e-04   2.3927092e-04
   2.8900000e-01   2.8150601e-04   2.0712226e-04
   2.9035000e-01   2.8489939e-04   2.1921861e-04
   2.9170000e-01   1.8431328e-04   1.9076635e-04
   2.9305000e-01   2.2637853e-04   1.6439892e-04
   2.9440000e-01   1.1787344e-04   2.0269580e-04
   2.9574000e-01   2.7365317e-04   1.6358096e-04
   2.9709000e-01   3.7199869e-04   1.3640428e-04
   2.9844000e-01   3.4351293e-04   1.8238205e-04
   2.9979000e-01   2.0532459e-04   2.1817182e-04
   3.0114000e-01   2.4357404e-04   1.6313025e-04
   3.0249000e-01   2.8888241e-04   1.9156383e-04
   3.0384000e-01   2.6467881e-04   1.6178993e-04
   3.0519000e-01   1.8201258e-04   1.5158712e-04
   3.0654000e-01   1.5343698e-04   1.6889060e-04
   3.0789000e-01   1.0031777e-04   1.5936482e-04
   3.0924000e-01   1.0256051e-04   1.8496057e-04
   3.1059000e-01   1.2726818e-04   1.8284484e-04
   3.1194000e-01   7.9126898e-05   1.6114548e-04
   3.1328000e-01   1.4621711e-04   2.1828843e-04
   3.1463000e-01   1.2576323e-04   1.8861385e-04
   3.1598000e-01   1.1355382e-04   1.6290038e-04
   3.1733000e-01   9.7101488e-05   1.6920593e-04
   3.1868000e-01   5.6315399e-05   1.6772489e-04
   3.2003000e-01   8.3388604e-05   1.5745210e-04
   3.2138000e-01   7.2588351e-05   1.7001288e-04
   3.2273000e-01   7.1030420e-05   1.9119779e-04
   3.2408000e-01   9.6716033e-06   1.8000911e-04
   3.2543000e-01   1.3162356e-04   1.4322370e-04
   3.2678000e-01   1.6529840e-04   1.8773008e-04
   3.2813000e-01   1.3875915e-04   1.9713197e-04
   3.2948000e-01   2.2067169e-04   1.4601432e-04
   3.3082000e-01   1.4506728e-04   1.5308328e-04
   3.3217000e-01   4.2628187e-05   1.3999420e-04
   3.3352000e-01   1.1891077e-04   1.5188844e-04
   3.3487000e-01   6.4035667e-05   1.6680897e-04
   3.3622000e-01   1.0309079e-04   1.7299762e-04
   3.3757000e-01   8.5259175e-05   1.7843506e-04
   3.3892000e-01   1.0451762e-04   1.6737323e-04
   3.4027000e-01   1.5933335e-04   1.5900043e-04
   3.4162000e-01   1.2708584e-04   1.9188355e-04
   3.4297000e-01   9.4496905e-05   1.6645437e-04
   3.4432000e-01   1.6417899e-04   1.9823674e-04
   3.4567000e-01   8.3924755e-05   1.7772046e-04
   3.4701000e-01   8.3656508e-05   1.6262889e-04
   3.4836000e-01   1.4053534e-04   1.4733375e-04
   3.4971000e-01   5.7909581e-05   1.8201239e-04
   3.5106000e-01   1.3733653e-04   2.0886271e-04
   3.5241000e-01   1.4798275e-04   1.5987198e-04
   3.5376000e-01   1.6857361e-04   1.5246006e-04
   3.5511000e-01   2.0000584e-04   2.1700048e-04
   3.5646000e-01   2.0660521e-04   2.0078951e-04
   3.5781000e-01   1.6564551e-04   1.5680272e-04
   3.5916000e-01   1.1243248e-04   2.0362490e-04
   3.6051000e-01   1.5652294e-04   1.7949656e-04
   3.6186000e-01   1.6322995e-04   1.8520966e-04
   3.6320000e-01   1.5523874e-04   1.5547383e-04
   3.6455000e-01   1.7850978e-04   1.6982711e-04
   3.6590000e-01   2.4822065e-04   1.7854469e-04
   3.6725000e-01   1.8934198e-04   2.0098682e-04
   3.6860000e-01   8.9167884e-05   1.5807191e-04
   3.6995000e-01   1.3580540e-04   2.0011692e-04
   3.7130000e-01   1.5252438e-04   1.8727868e-04
   3.7265000e-01   1.9873064e-04   1.5953896e-04
   3.7400000e-01   1.6634012e-04   1.5929987e-04
   3.7535000e-01   2.9432449e-04   1.8322386e-04
   3.7670000e-01   1.7040643e-04   1.7961330e-04
   3.7804000e-01   8.8749658e-05   1.5679893e-04
   3.7939000e-01   1.9054878e-04   1.6005943e-04
   3.8074000e-01   2.1624170e-04   1.6108530e-04
   3.8209000e-01   1.3501723e-04   1.7224612e-04
   3.8344000e-01   1.5906917e-04   1.6188254e-04
   3.8479000e-01   6.6003773e-05   1.8259236e-04
   3.8614000e-01   1.4190270e-04   1.7695931e-04
   3.8749000e-01   2.0969841e-04   1.8920313e-04
   3.8884000e-01   1.6390361e-04   1.7015016e-04
   3.9019000e-01   1.6042705e-04   1.8185466e-04
   3.9154000e-01   1.8531555e-04   1.5687429e-04
   3.9288000e-01   1.8971011e-04   1.4578438e-04
   3.9423000e-01   1.4778462e-04   1.6827791e-04
   3.9558000e-01   1.5013204e-04   1.6933616e-04
   3.9693000e-01   1.8613815e-04   1.3549765e-04
   3.9828000e-01   2.0170093e-04   1.5013863e-04
   3.9963000e-01   2.3457191e-04   1.5533619e-04
   4.0098000e-01   2.1279548e-04   1.7741335e-04
   4.0233000e-01   1.0451942e-04   1.5959614e-04
   4.0368000e-01   9.2853305e-05   1.5108887e-04
   4.0503000e-01   1.1786891e-04   1.5581861e-04
   4.0638000e-01   1.3016415e-04   1.9021753e-04
   4.0772000e-01   2.0695062e-04   1.6818670e-04
   4.0907000e-01   1.8799802e-04   1.8100659e-04
   4.1042000e-01   2.6900591e-04   1.8229746e-04
   4.1177000e-01   2.6038032e-04   1.8201987e-04
   4.1312000e-01   1.9123057e-04   1.4628392e-04
   4.1447000e-01   1.7084425e-04   1.7683098e-04
   4.1582000e-01   1.5243946e-04   1.5677698e-04
   4.1717000e-01   2.2260921e-04   1.8003520e-04
   4.1852000e-01   2.3275329e-04   1.9320450e-04
   4.1987000e-01   1.9477473e-04   2.0891901e-04
   4.2121000e-01   1.6331918e-04   1.6817003e-04
   4.2256000e-01   1.9823483e-04   1.4501687e-04
   4.2391000e-01   2.1846330e-04   2.0078610e-04
   4.2526000e-01   2.1063988e-04   1.7486769e-04
   4.2661000e-01   9.5152023e-05   2.4571421e-04
   4.2796000e-01   1.5739740e-04   1.8720513e-04
   4.2931000e-01   2.9438585e-04   1.4649380e-04
   4.3066000e-01   2.1857631e-04   1.9859796e-04
   4.3201000e-01   1.6120476e-04   1.4830325e-04
   4.3336000e-01   1.4186804e-04   1.8624524e-04
   4.3470000e-01   1.7990202e-04   1.8328063e-04
   4.3605000e-01   2.1081658e-04   1.6755208e-04
   4.3740000e-01   1.6327791e-04   1.5456684e-04
   4.3875000e-01   1.4629725e-04   1.6925620e-04
   4.4010000e-01   1.6035834e-04   1.9221517e-04
   4.4145000e-01   1.2511314e-04   1.7983399e-04
   4.4280000e-01   2.0977593e-05   1.4797070e-04
   4.4415000e-01   1.1147758e-04   1.8391267e-04
   4.4550000e-01   2.9624917e-04   1.4733047e-04
   4.4685000e-01   3.0607160e-04   1.9270588e-04
   4.4819000e-01   2.3482767e-04   1.7257676e-04
   4.4954000e-01   1.2923132e-04   1.8643290e-04
   4.5089000e-01   1.8715131e-04   1.6126449e-04
   4.5224000e-01   1.4064317e-04   1.6589600e-04
   4.5359000e-01   1.2114515e-04   1.9197784e-04
   4.5494000e-01   1.1578139e-04   2.0622494e-04
   4.5629000e-01   8.8460009e-05   1.4806565e-04
   4.5764000e-01   2.6884981e-04   1.6291195e-04
   4.5899000e-01   2.8284209e-04   1.6664720e-04
   4.6033000e-01   1.6273048e-04   1.6994663e-04
   4.6168000e-01   1.5754780e-04   1.5304146e-04
   4.6303000e-01   2.0046379e-04   1.5473966e-04
   4.6438000e-01   1.3525967e-04   1.6202645e-04
   4.6573000e-01   1.5122431e-04   1.7391870e-04
   4.6708000e-01   1.1036584e-04   1.5837711e-04
   4.6843000e-01   1.8536296e-04   1.6142244e-04
   4.6978000e-01   1.3215871e-04   1.9562505e-04
   4.7113000e-01   1.4307834e-04   2.2081016e-04
   4.7247000e-01   9.7207812e-05   1.9972259e-04
   4.7382000e-01   1.6938254e-04   1.4922720e-04
   4.7517000e-01   1.9748911e-04   1.4537717e-04
   4.7652000e-01   1.3321219e-04   1.6203643e-04
   4.7787000e-01   1.5080671e-04   1.5760934e-04
   4.7922000e-01   1.7994639e-04   1.8594008e-04
   4.8057000e-01   2.4914932e-04   1.4915972e-04
   4.8192000e-01   1.5795668e-04   1.5474091e-04
   4.8327000e-01   1.2996587e-04   1.4943205e-04
   4.8461000e-01   1.3041223e-04   1.6802088e-04
   4.8596000e-01   2.0305884e-04   1.5699870e-04
   4.8731000e-01   1.4900157e-04   1.7016041e-04
   4.8866000e-01   1.5356900e-04   1.6168358e-04
   4.9001000e-01   1.2403501e-04   1.8705340e-04
   4.9136000e-01   1.4396812e-04   1.8301497e-04
   4.9271000e-01   1.3188347e-04   1.9258298e-04
   4.9406000e-01   2.1104141e-04   1.7369201e-04
   4.9541000e-01   1.6856663e-04   1.6375535e-04
   4.9675000e-01   1.3582266e-04   1.8496161e-04
   4.9810000e-01   8.9984096e-05   1.9658307e-04
   4.9945000e-01   1.6953558e-04   1.4751557e-04
   5.0080000e-01   1.6770666e-04   1.5281352e-04
   5.0215000e-01   1.8958366e-04   1.5672682e-04
   5.0350000e-01   1.7804630e-04   1.5354647e-04
   5.0485000e-01   7.2027086e-05   1.5276319e-04
   5.0620000e-01   1.1849236e-04   1.5752176e-04
   5.0754000e-01   1.7209150e-04   1.4976654e-04
   5.0889000e-01   1.9321296e-04   1.5716235e-04
   5.1024000e-01   1.4408936e-04   1.5169094e-04
   5.1159000e-01   1.0590176e-04   1.4695402e-04
   5.1294000e-01   1.5381675e-04   1.6745123e-04
   5.1429000e-01   7.4662780e-05   1.5483569e-04
   5.1564000e-01   3.1069101e-05   1.4910045e-04
   5.1699000e-01   9.0679945e-05   1.5510209e-04
   5.1833000e-01   7.7230636e-05   1.6203686e-04
   5.1968000e-01   1.0318990e-04   1.5579008e-04
   5.2103000e-01   1.5485672e-04   1.6947393e-04
   5.2238000e-01   1.8698102e-04   1.6403625e-04
   5.2373000e-01   1.5320948e-04   1.6309559e-04
   5.2508000e-01   1.1927040e-04   1.5902994e-04
   5.2643000e-01   1.1087980e-04   1.9194278e-04
   5.2778000e-01   1.9594437e-04   1.5824582e-04
   5.2912000e-01   1.8757667e-04   1.6707227e-04
   5.3047000e-01   8.9391112e-05   1.6704995e-04
   5.3182000e-01   8.2858259e-05   1.4813532e-04
   5.3317000e-01   7.2332686e-05   1.8343466e-04
   5.3452000e-01   1.5624551e-04   1.6942787e-04
   5.3587000e-01   1.0577743e-04   1.9871824e-04
   5.3722000e-01   1.1244951e-04   1.8063176e-04
   5.3857000e-01   8.2834176e-05   1.6532796e-04
   5.3991000e-01   6.1789251e-05   1.4997221e-04
   5.4126000e-01   3.8462579e-05   1.7147562e-04
   5.4261000e-01   1.1239274e-04   1.8300783e-04
   5.4396000e-01   1.5686022e-04   1.6100643e-04
   5.4531000e-01   1.8393838e-04   1.5435007e-04
   5.4666000e-01   1.9234541e-04   1.6789911e-04
   5.4801000e-01   7.6789198e-05   1.6061703e-04
   5.4935000e-01   8.8353159e-05   1.5408685e-04
   5.5070000e-01   1.4183154e-04   1.5882357e-04
   5.5205000e-01   1.9789835e-04   1.9734094e-04
   5.5340000e-01   2.4790416e-04   1.9886143e-04
   5.5475000e-01   1.4888273e-04   1.9080133e-04
   5.5610000e-01   1.0582624e-04   1.8615474e-04
   5.5745000e-01   9.7661509e-05   1.6708232e-04
   5.5879000e-01   1.0143357e-04   1.9044663e-04
   5.6014000e-01   1.5784925e-04   1.7794180e-04
   5.6149000e-01   1.9394354e-04   1.7533492e-04
   5.6284000e-01   7.3015477e-05   1.8770644e-04
   5.6419000e-01   9.3130908e-05   1.7244072e-04
   5.6554000e-01   1.4706421e-04   1.5683163e-04
   5.6689000e-01   1.5781188e-04   1.9030260e-04
   5.6824000e-01   1.0279269e-04   1.7903795e-04
   5.6958000e-01   1.5092927e-04   1.7024493e-04
   5.7093000e-01   1.2622198e-04   1.8809733e-04
   5.7228000e-01   6.0180161e-05   1.8320533e-04
   5.7363000e-01   2.1211765e-05   1.5703497e-04
   5.7498000e-01   1.0037603e-04   1.5710096e-04
   5.7633000e-01   1.4512325e-04   1.5511112e-04
   5.7768000e-01   8.5069821e-05   1.6759300e-04
   5.7902000e-01   5.9332715e-05   1.5571060e-04
   5.8037000e-01   9.4731815e-05   1.5488296e-04
   5.8172000e-01   1.1829624e-04   1.7076071e-04
   5.8307000e-01   7.1287127e-05   1.7432178e-04
   5.8442000e-01   8.9245827e-05   1.7700837e-04
   5.8577000e-01  -1.6473199e-05   1.6742613e-04
   5.8712000e-01   5.9641158e-05   1.6972172e-04
   5.8846000e-01   1.1061718e-04   1.6381486e-04
   5.8981000e-01   5.5428123e-05   1.5301144e-04
   5.9116000e-01   1.3140823e-04   1.7431442e-04
   5.9251000e-01   1.0800730e-04   1.6029385e-04
   5.9386000e-01   1.0869035e-04   1.8437856e-04
   5.9521000e-01   7.6336815e-05   2.0113745e-04
   5.9655000e-01   3.4561051e-05   1.6134589e-04
   5.9790000e-01   1.0179239e-04   1.6873908e-04
   5.9925000e-01   9.8119950e-05   1.5640897e-04
   6.0060000e-01   8.9520891e-05   1.7289248e-04
   6.0195000e-01   1.3240170e-04   1.6978007e-04
   6.0330000e-01   1.2653419e-04   1.6222130e-04
   6.0465000e-01   7.0161238e-05   1.5997471e-04
   6.0599000e-01   1.0342162e-04   1.5488579e-04
   6.0652000e-01   1.0108455e-04   1.5919610e-04
   6.0734000e-01   8.8880925e-05   1.7087163e-04
   6.0869000e-01   1.4914649e-04   1.8640995e-04
   6.0991000e-01   9.3130321e-05   1.5890199e-04
   6.1004000e-01   1.4533621e-04   1.6329188e-04
   6.1139000e-01   2.7271854e-05   1.8608570e-04
   6.1274000e-01   7.9939145e-05   2.0410871e-04
   6.1331000e-01   9.9273067e-05   1.5859818e-04
   6.1408000e-01   1.8859074e-04   1.7884423e-04
   6.1543000e-01   2.0394906e-04   1.9997693e-04
   6.1670000e-01   1.1536277e-04   1.6314345e-04
   6.1678000e-01   1.5088673e-04   1.8115406e-04
   6.1813000e-01   1.4554920e-04   1.5544260e-04
   6.1948000e-01   1.7892510e-04   1.8297510e-04
   6.2010000e-01   1.0945034e-04   1.6831584e-04
   6.2083000e-01   8.7502405e-05   1.6482598e-04
   6.2218000e-01   1.6550393e-05   1.7292270e-04
   6.2349000e-01   8.7934518e-05   1.5767093e-04
   6.2352000e-01   7.8326556e-05   1.5579793e-04
   6.2487000e-01   7.4097449e-05   1.5118559e-04
   6.2622000e-01   2.9809549e-05   1.7565505e-04
   6.2689000e-01   1.1517900e-04   1.6181509e-04
   6.2757000e-01  -1.3355891e-05   1.8284883e-04
   6.2892000e-01   4.4066978e-05   1.6367043e-04
   6.3027000e-01   1.6297254e-04   1.6723465e-04
   6.3028000e-01   1.3330146e-04   1.5499435e-04
   6.3161000e-01   1.1955390e-04   1.5403426e-04
   6.3296000e-01   5.8010119e-05   1.6567660e-04
   6.3368000e-01   1.0754803e-04   1.5910228e-04
   6.3431000e-01   9.0356533e-05   1.6524442e-04
   6.3566000e-01   9.8449805e-05   1.6161498e-04
   6.3701000e-01   8.9766968e-05   1.7799124e-04
   6.3707000e-01   1.4326424e-04   1.7214530e-04
   6.3836000e-01   1.6984085e-04   2.0419528e-04
   6.3970000e-01   1.6074612e-04   1.8072541e-04
   6.4047000e-01   9.8376606e-05   1.7062523e-04
   6.4105000e-01   7.2709149e-05   1.7493298e-04
   6.4240000e-01   6.4852800e-05   1.7636620e-04
   6.4375000e-01   1.2785194e-04   1.9089326e-04
   6.4386000e-01   1.1963327e-04   1.8523708e-04
   6.4510000e-01   8.1327557e-05   1.6845721e-04
   6.4645000e-01   1.0977236e-04   1.6914723e-04
   6.4726000e-01   1.7837221e-04   1.6373078e-04
   6.4779000e-01   7.7908593e-05   1.7300201e-04
   6.4914000e-01   8.5923335e-05   1.5511882e-04
   6.5049000e-01   1.2192196e-04   1.7031576e-04
   6.5065000e-01   1.2856948e-04   1.6591309e-04
   6.5405000e-01   2.0351038e-05   1.6570529e-04
   6.5744000e-01   7.5468625e-05   1.7087979e-04
   6.6084000e-01   1.0219735e-04   1.6518630e-04
   6.6423000e-01   1.0953001e-04   1.6728323e-04
   6.6762000e-01   1.0888348e-04   1.5509617e-04
   6.7102000e-01   1.0352313e-04   1.6213233e-04
   6.7441000e-01   1.0232037e-04   1.8372215e-04
   6.7781000e-01   1.3692838e-04   1.7377218e-04
   6.8120000e-01   1.1524740e-04   1.6511776e-04
   6.8460000e-01   7.1102739e-05   1.6949952e-04
   6.8799000e-01   8.5271879e-05   1.8830280e-04
   6.9138000e-01   1.0887795e-04   1.6883468e-04
   6.9478000e-01   7.6671616e-05   1.7885143e-04
   6.9817000e-01   1.2162611e-04   1.6807838e-04
   7.0157000e-01   7.4750605e-05   1.7275799e-04
   7.0496000e-01   6.3339889e-05   1.8349273e-04
   7.0836000e-01   9.4320326e-05   1.8024951e-04
   7.1175000e-01   1.3793327e-04   1.6834438e-04
   7.1514000e-01   1.1440640e-04   1.7666435e-04
   7.1854000e-01   1.5436077e-04   1.7048168e-04
   7.2193000e-01   1.6643808e-04   1.7264710e-04
   7.2533000e-01   1.4061779e-04   1.6965178e-04
   7.2872000e-01   1.2183584e-04   1.6455579e-04
   7.3211000e-01   1.9608642e-04   1.7922469e-04
   7.3551000e-01   1.5844771e-04   1.7734505e-04
   7.3890000e-01   1.3322954e-04   1.7785576e-04
   7.4229000e-01   1.7512192e-04   1.7927315e-04
   7.4569000e-01   2.1226660e-04   1.8269398e-04
   7.4908000e-01   2.1737552e-04   1.9112809e-04
   7.5247000e-01   2.2403096e-04   1.8282218e-04
   7.5587000e-01   2.1974314e-04   1.8164492e-04
   7.5926000e-01   1.9063861e-04   1.8286479e-04
   7.6266000e-01   2.0334444e-04   1.8577489e-04
   7.6605000e-01   1.8680231e-04   2.0139353e-04
   7.6944000e-01   1.4642803e-04   2.0454356e-04
   7.7284000e-01   1.6241173e-04   1.7977001e-04
   7.7623000e-01   1.7428157e-04   1.7998038e-04
   7.7962000e-01   1.5358611e-04   1.7904395e-04
   7.8302000e-01   1.4727895e-04   1.8001170e-04
   7.8641000e-01   1.4601333e-04   2.0013262e-04
   7.8980000e-01   1.9417556e-04   1.8762981e-04
   7.9320000e-01   1.4522288e-04   1.9201863e-04
   7.9659000e-01   1.4526967e-04   1.8581962e-04
   7.9998000e-01   1.6092282e-04   1.8088621e-04
   8.0337000e-01   1.1394438e-04   1.8102911e-04
   8.0677000e-01   1.0166198e-04   1.8611244e-04
   8.1016000e-01   1.4638127e-04   1.8904800e-04
   8.1355000e-01   1.3460973e-04   1.8977921e-04
   8.1695000e-01   1.0078558e-04   1.9371116e-04
   8.2034000e-01   5.3913249e-05   1.8487650e-04
   8.2373000e-01   9.9825684e-05   1.9155270e-04
   8.2712000e-01   1.3538226e-04   1.9044669e-04
   8.3052000e-01   1.4756218e-04   2.0065166e-04
   8.3391000e-01   1.9089806e-04   1.8790656e-04
   8.3730000e-01   1.9905314e-04   1.9635682e-04
   8.4069000e-01   1.6201019e-04   1.8694742e-04
   8.4409000e-01   1.5934991e-04   1.8399660e-04
   8.4748000e-01   9.9876388e-05   1.8752838e-04
   8.5087000e-01   1.4230514e-04   1.8871399e-04
   8.5426000e-01   1.4275430e-04   1.8819471e-04
   8.5766000e-01   8.9453174e-05   2.0477919e-04
   8.6105000e-01   1.5249177e-04   2.0456596e-04
   8.6444000e-01   1.5804954e-04   2.1073202e-04
   8.6783000e-01   1.5601736e-04   2.0461249e-04
   8.7123000e-01   1.4830450e-04   2.0815890e-04
   8.7462000e-01   1.5955613e-04   1.9297999e-04
   8.7801000e-01   1.1283936e-04   2.1237617e-04
   8.8140000e-01   1.4122328e-04   2.1095180e-04
   8.8479000e-01   1.0620794e-04   2.1484258e-04
   8.8819000e-01   1.2235555e-04   2.1563571e-04
   8.9158000e-01   1.2284320e-04   2.1217388e-04
   8.9497000e-01   1.0297589e-04   2.0535382e-04
   8.9836000e-01   1.3967515e-04   2.0512268e-04
   9.0175000e-01   2.0939900e-04   2.0674260e-04
   9.0515000e-01   1.5421069e-04   2.0329910e-04
   9.0854000e-01   1.2141156e-04   2.0899727e-04
   9.1193000e-01   1.6612189e-04   2.1717537e-04
   9.1532000e-01   1.6146802e-04   2.0609045e-04
   9.1871000e-01   1.7852317e-04   2.1030454e-04
   9.2210000e-01   9.0762541e-05   2.0740247e-04
   9.2550000e-01   1.0935398e-04   2.0494967e-04
   9.2889000e-01   1.2341065e-04   2.1896010e-04
   9.3228000e-01   1.4267350e-04   2.1083717e-04
   9.3567000e-01   1.3872459e-04   2.2039290e-04
   9.3906000e-01   1.0709999e-04   2.1723077e-04
   9.4245000e-01   1.3005791e-04   2.1481323e-04
   9.4584000e-01   1.0152987e-04   2.1792493e-04
   9.4924000e-01   1.2758045e-04   2.3465699e-04
   9.5263000e-01   1.0660753e-04   2.2783842e-04
   9.5602000e-01   8.5917499e-05   2.2631549e-04
   9.5941000e-01   1.1180805e-04   2.2980342e-04
   9.6280000e-01   1.2311609e-04   2.1657495e-04
   9.6619000e-01   1.1026357e-04   2.2580822e-04
   9.6958000e-01   8.8232331e-05   2.1932373e-04
   9.7297000e-01   6.5989774e-05   2.2542477e-04
   9.7636000e-01   1.0281475e-04   2.2764190e-04
   9.7975000e-01   9.1576851e-05   2.2570558e-04
   9.8314000e-01   1.0083601e-04   2.2440587e-04
   9.8654000e-01   1.3304302e-04   2.2425309e-04
   9.8993000e-01   1.2637285e-04   2.2559457e-04
   9.9332000e-01   1.5780156e-04   2.2515397e-04
   9.9671000e-01   1.6518818e-04   2.2185052e-04
   1.0001000e+00   1.6296751e-04   2.3628091e-04
   1.0035000e+00   2.1414308e-04   2.3502613e-04
   1.0069000e+00   1.6993581e-04   2.3094691e-04
   1.0103000e+00   1.5180754e-04   2.3846736e-04
   1.0137000e+00   1.8572227e-04   2.2655303e-04
   1.0170000e+00   1.3944466e-04   2.3269106e-04
   1.0204000e+00   1.4780947e-04   2.3949474e-04
   1.0238000e+00   1.3993036e-04   2.4897812e-04
   1.0272000e+00   1.4103577e-04   2.3666168e-04
   1.0306000e+00   1.4937288e-04   2.4588983e-04
   1.0340000e+00   2.2692147e-04   2.5473202e-04
   1.0374000e+00   2.4524354e-04   2.5907411e-04
   1.0408000e+00   2.0034373e-04   2.4921050e-04
   1.0442000e+00   1.6136911e-04   2.4868487e-04
   1.0476000e+00   1.7302954e-04   2.5824976e-04
   1.0509000e+00   1.5226705e-04   2.5267359e-04
   1.0543000e+00   1.5280099e-04   2.5456215e-04
   1.0577000e+00   2.3927151e-04   2.6144835e-04
   1.0611000e+00   2.1796142e-04   2.5194469e-04
   1.0645000e+00   1.6808961e-04   2.6303374e-04
   1.0679000e+00   1.5010254e-04   2.6278245e-04
   1.0713000e+00   1.7093017e-04   2.6117364e-04
   1.0747000e+00   1.1799488e-04   2.6334159e-04
   1.0781000e+00   1.2824019e-04   2.5761950e-04
   1.0815000e+00   1.7725641e-04   2.7097185e-04
   1.0848000e+00   1.6297651e-04   2.8022693e-04
   1.0882000e+00   1.5946070e-04   2.5941997e-04
   1.0916000e+00   1.4594688e-04   2.6373823e-04
   1.0950000e+00   1.4336626e-04   2.6501150e-04
   1.0984000e+00   1.7971343e-04   2.7388084e-04
   1.1018000e+00   2.1323166e-04   2.7453482e-04
   1.1052000e+00   1.9669865e-04   2.9433898e-04
   1.1086000e+00   1.4405951e-04   2.8968590e-04
   1.1120000e+00   1.3344219e-04   2.8359577e-04
   1.1153000e+00   1.1639284e-04   2.7551152e-04
   1.1187000e+00   1.1341896e-04   2.8105087e-04
   1.1221000e+00   1.3610261e-04   2.9286520e-04
   1.1255000e+00   1.4791264e-04   2.7485445e-04
   1.1289000e+00   1.3928394e-04   2.7948860e-04
   1.1323000e+00   1.8061301e-04   2.7910443e-04
   1.1357000e+00   1.5761844e-04   2.8597760e-04
   1.1391000e+00   1.6953224e-04   2.8290241e-04
   1.1425000e+00   1.8660071e-04   2.9113448e-04
   1.1458000e+00   1.3178149e-04   2.8517939e-04
   1.1492000e+00   1.9294394e-04   2.8845171e-04
   1.1526000e+00   2.2933874e-04   2.8761009e-04
   1.1560000e+00   2.4831845e-04   2.9227810e-04
   1.1594000e+00   2.0622452e-04   2.9315192e-04
   1.1628000e+00   2.0517503e-04   2.9334549e-04
   1.1662000e+00   1.8581431e-04   3.0133070e-04
   1.1696000e+00   1.9352380e-04   3.1317678e-04
   1.1729000e+00   1.5237821e-04   3.0033325e-04
   1.1763000e+00   1.7655648e-04   3.2391574e-04
   1.1797000e+00   1.7676504e-04   3.1112782e-04
   1.1831000e+00   1.7875912e-04   3.1408579e-04
   1.1865000e+00   1.8727232e-04   3.1831102e-04
   1.1899000e+00   1.7212601e-04   3.3006891e-04
   1.1933000e+00   1.4421538e-04   3.2498202e-04
   1.1967000e+00   1.3353423e-04   3.2553005e-04
   1.2000000e+00   1.7524857e-04   3.3772513e-04
   1.2034000e+00   1.4591118e-04   3.4245759e-04
   1.2068000e+00   1.8187136e-04   3.4250198e-04
   1.2102000e+00   1.3568670e-04   3.3928441e-04
   1.2136000e+00   2.1510346e-04   3.4304708e-04
   1.2170000e+00   1.6629307e-04   3.3110936e-04
   1.2204000e+00   1.8832342e-04   3.4975584e-04
   1.2238000e+00   2.0993807e-04   3.3497751e-04
   1.2271000e+00   1.7622260e-04   3.4093192e-04
   1.2305000e+00   2.0353466e-04   3.4683665e-04
   1.2339000e+00   2.4425484e-04   3.4880121e-04
   1.2373000e+00   2.7424199e-04   3.6886350e-04
   1.2407000e+00   1.7711197e-04   3.6868287e-04
   1.2441000e+00   2.0759746e-04   3.4797554e-04
   1.2475000e+00   1.6590406e-04   3.5488796e-04
   1.2508000e+00   1.6130337e-04   3.5637069e-04
   1.2542000e+00   1.6913909e-04   3.6819289e-04
   1.2576000e+00   1.8709147e-04   3.6739733e-04
   1.2610000e+00   1.7857079e-04   3.6155925e-04
   1.2644000e+00   2.1594711e-04   3.9154505e-04
   1.2678000e+00   2.3240790e-04   4.0049473e-04
   1.2712000e+00   2.5731988e-04   3.8435957e-04
   1.2746000e+00   3.1470779e-04   3.7651840e-04
   1.2779000e+00   2.8983162e-04   3.8270988e-04
   1.2813000e+00   3.1216905e-04   4.0385130e-04
   1.2847000e+00   2.3033472e-04   3.9017230e-04
   1.2881000e+00   1.7442232e-04   3.9332160e-04
   1.2915000e+00   1.4538502e-04   3.9447963e-04
   1.2949000e+00   1.2930939e-04   4.0876311e-04
   1.2983000e+00   1.8009768e-04   4.0067394e-04
   1.3016000e+00   2.7409179e-04   4.0349917e-04
   1.3050000e+00   2.8074806e-04   4.1143882e-04
   1.3084000e+00   3.2223442e-04   4.1603478e-04
   1.3118000e+00   3.0886797e-04   4.3433118e-04
   1.3152000e+00   2.9482202e-04   4.2196414e-04
   1.3186000e+00   2.5983294e-04   4.2724916e-04
   1.3219000e+00   2.5369564e-04   4.2453798e-04
   1.3253000e+00   2.6511980e-04   4.3419092e-04
   1.3287000e+00   2.5747868e-04   4.4209060e-04
   1.3321000e+00   2.9636166e-04   4.3977417e-04
   1.3355000e+00   2.6172516e-04   4.3435085e-04
   1.3389000e+00   3.3497397e-04   4.3675381e-04
   1.3423000e+00   3.6579951e-04   4.4298064e-04
   1.3456000e+00   4.1034693e-04   4.4475685e-04
   1.3490000e+00   3.8083840e-04   4.9447493e-04
   1.3524000e+00   4.3191890e-04   4.5778369e-04
   1.3558000e+00   3.9279873e-04   4.5618547e-04
   1.3592000e+00   3.9992492e-04   4.5753812e-04
   1.3626000e+00   4.3034882e-04   4.6164663e-04
   1.3659000e+00   3.7909314e-04   4.6755837e-04
   1.3693000e+00   3.8102987e-04   5.0136351e-04
   1.3727000e+00   6.0487258e-04   4.8300905e-04
   1.3761000e+00   8.1679835e-04   4.8302434e-04
   1.3795000e+00   1.0364838e-03   4.8275578e-04
   1.3829000e+00   1.1396821e-03   5.0174908e-04
   1.3863000e+00   1.1153526e-03   4.9809650e-04
   1.3896000e+00   9.2525129e-04   4.9817832e-04
   1.3930000e+00   8.9661847e-04   5.0042579e-04
   1.3964000e+00   9.4933651e-04   5.1294534e-04
   1.3998000e+00   9.3129816e-04   5.0955474e-04
   1.4032000e+00   8.9884215e-04   5.1422062e-04
   1.4066000e+00   8.4762734e-04   5.0999872e-04
   1.4099000e+00   8.1035924e-04   5.4570690e-04
   1.4133000e+00   7.0637916e-04   5.1964819e-04
   1.4167000e+00   7.3972767e-04   5.2887049e-04
   1.4201000e+00   7.1343081e-04   5.2648090e-04
   1.4235000e+00   6.9835399e-04   5.3525731e-04
   1.4269000e+00   6.4681581e-04   5.4081838e-04
   1.4302000e+00   5.9408038e-04   5.3537097e-04
   1.4336000e+00   5.2824208e-04   5.4045998e-04
   1.4370000e+00   5.9476109e-04   5.6097951e-04
   1.4404000e+00   5.3032830e-04   5.5439951e-04
   1.4438000e+00   4.7967272e-04   5.5992953e-04
   1.4472000e+00   5.6884524e-04   5.9286352e-04
   1.4505000e+00   5.7864571e-04   5.6197960e-04
   1.4539000e+00   5.7987978e-04   6.0108911e-04
   1.4573000e+00   5.3663026e-04   5.7460064e-04
   1.4607000e+00   5.3214720e-04   5.7344266e-04
   1.4641000e+00   4.9590522e-04   5.8269108e-04
   1.4674000e+00   4.4909367e-04   6.1224489e-04
   1.4708000e+00   5.0767024e-04   5.8286913e-04
   1.4742000e+00   5.8293427e-04   5.8796819e-04
   1.4776000e+00   6.4522136e-04   6.2374961e-04
   1.4810000e+00   6.9352865e-04   5.9546029e-04
   1.4844000e+00   8.4877736e-04   5.9909032e-04
   1.4877000e+00   1.0934167e-03   6.0704702e-04
   1.4911000e+00   1.3781390e-03   6.2354402e-04
   1.4945000e+00   1.7178638e-03   6.2555010e-04
   1.4979000e+00   1.8969104e-03   6.2841075e-04
   1.5013000e+00   2.0109541e-03   6.2074185e-04
   1.5046000e+00   2.0676702e-03   6.2768247e-04
   1.5080000e+00   2.0258835e-03   6.3147699e-04
   1.5114000e+00   2.0653324e-03   6.4454997e-04
   1.5148000e+00   2.0292866e-03   6.4199258e-04
   1.5182000e+00   1.9839698e-03   6.8401348e-04
   1.5216000e+00   1.8105780e-03   6.8593082e-04
   1.5249000e+00   1.6843384e-03   6.6449523e-04
   1.5283000e+00   1.6301659e-03   6.6647725e-04
   1.5317000e+00   1.5307392e-03   6.7235271e-04
   1.5351000e+00   1.4676939e-03   6.6925272e-04
   1.5385000e+00   1.3510257e-03   6.7044121e-04
   1.5418000e+00   1.2363221e-03   6.7325789e-04
   1.5452000e+00   1.1996084e-03   6.7356441e-04
   1.5486000e+00   1.1892833e-03   6.7885315e-04
   1.5520000e+00   1.2051358e-03   6.9113255e-04
   1.5554000e+00   1.1946499e-03   6.8903884e-04
   1.5587000e+00   1.0952649e-03   6.8748655e-04
   1.5621000e+00   1.1060941e-03   6.9308202e-04
   1.5655000e+00   1.0674580e-03   7.0057130e-04
   1.5689000e+00   9.4277451e-04   7.0749837e-04
   1.5723000e+00   9.4958735e-04   7.4834898e-04
   1.5756000e+00   9.1094661e-04   7.1302435e-04
   1.5790000e+00   9.1265769e-04   7.6228831e-04
   1.5824000e+00   8.7402656e-04   7.2552181e-04
   1.5858000e+00   8.5761179e-04   7.2789824e-04
   1.5892000e+00   8.2402296e-04   7.2944036e-04
   1.5925000e+00   8.7131809e-04   7.3524861e-04
   1.5959000e+00   7.8515981e-04   7.3902879e-04
   1.5993000e+00   7.5864103e-04   7.4809153e-04
   1.6027000e+00   7.8980460e-04   8.2880634e-04
   1.6061000e+00   7.4917019e-04   7.9306212e-04
   1.6094000e+00   6.4586262e-04   7.6818369e-04
   1.6128000e+00   6.8811303e-04   8.0959235e-04
   1.6162000e+00   6.4946723e-04   7.6309583e-04
   1.6196000e+00   5.7957008e-04   7.6892818e-04
   1.6229000e+00   7.5333282e-04   7.8140666e-04
   1.6263000e+00   7.0164131e-04   8.2934136e-04
   1.6297000e+00   6.1049727e-04   7.8675534e-04
   1.6331000e+00   6.1637138e-04   8.3217614e-04
   1.6365000e+00   5.8996781e-04   8.0327064e-04
   1.6398000e+00   6.2428762e-04   8.4424395e-04
   1.6432000e+00   6.2304991e-04   8.1148326e-04
   1.6466000e+00   5.8856968e-04   8.1774038e-04
   1.6500000e+00   5.7530478e-04   8.3068207e-04
   1.6534000e+00   5.9137545e-04   8.2428556e-04
   1.6567000e+00   5.5784902e-04   8.4066751e-04
   1.6601000e+00   4.8394995e-04   8.2753908e-04
   1.6635000e+00   4.1007263e-04   8.3789235e-04
   1.6669000e+00   4.4236063e-04   8.4848088e-04
   1.6702000e+00   4.9377723e-04   8.5191924e-04
   1.6736000e+00   4.6945330e-04   8.9431687e-04
   1.6770000e+00   3.9152784e-04   9.1587425e-04
   1.6804000e+00   3.2372318e-04   8.5720817e-04
   1.6838000e+00   3.7929179e-04   8.8672422e-04
   1.6871000e+00   3.2865866e-04   9.2663409e-04
   1.6905000e+00   3.8618636e-04   8.8392613e-04
   1.6939000e+00   4.2961511e-04   8.8109235e-04
   1.6973000e+00   3.8610241e-04   9.0618753e-04
   1.7006000e+00   4.4679868e-04   8.9845532e-04
   1.7040000e+00   4.3358132e-04   9.6053086e-04
   1.7074000e+00   3.8398331e-04   9.1064676e-04
   1.7108000e+00   3.4651262e-04   9.1945813e-04
   1.7141000e+00   3.6668464e-04   9.2433326e-04
   1.7175000e+00   2.6154310e-04   9.3293475e-04
   1.7209000e+00   2.5741485e-04   9.4002186e-04
   1.7243000e+00   2.6348762e-04   9.6036035e-04
   1.7276000e+00   2.5030343e-04   1.0484657e-03
   1.7310000e+00   2.5825497e-04   9.5965193e-04
   1.7344000e+00   2.3706129e-04   9.6516149e-04
   1.7378000e+00   3.1386647e-04   1.0194205e-03
   1.7412000e+00   1.9655179e-04   9.7220941e-04
   1.7445000e+00   2.0656507e-04   9.9194026e-04
   1.7479000e+00   2.4697282e-04   9.9002879e-04
   1.7513000e+00   2.4495760e-04   9.9633746e-04
   1.7547000e+00   2.2466118e-04   9.9234634e-04
   1.7580000e+00   1.8321053e-04   9.9680972e-04
   1.7614000e+00   2.2459918e-04   1.0812109e-03
   1.7648000e+00   1.8203360e-04   1.0187266e-03
   1.7682000e+00   1.1029641e-04   1.0374594e-03
   1.7715000e+00   1.2638549e-04   1.0321892e-03
   1.7749000e+00   1.4143317e-04   1.0409435e-03
   1.7783000e+00   1.3840994e-04   1.0435682e-03
   1.7817000e+00   1.3825306e-04   1.0740751e-03
   1.7850000e+00   1.5944533e-04   1.0565176e-03
   1.7884000e+00   1.3811561e-04   1.0816783e-03
   1.7918000e+00   1.8561010e-04   1.0611969e-03
   1.7952000e+00   1.4300335e-04   1.0813809e-03
   1.7985000e+00   4.7880358e-05   1.1312634e-03
   1.8019000e+00   6.7028374e-05   1.1582744e-03
   1.8053000e+00   7.1918547e-05   1.1345679e-03
   1.8087000e+00   2.0326359e-04   1.1181239e-03
   1.8120000e+00   2.0911141e-04   1.1530986e-03
   1.8154000e+00   2.0700020e-04   1.1735663e-03
   1.8188000e+00   8.3612762e-05   1.1088673e-03
   1.8221000e+00   2.0174853e-04   1.1897619e-03
   1.8255000e+00   2.6114762e-04   1.1701985e-03
   1.8289000e+00   1.9937182e-04   1.1342800e-03
   1.8323000e+00   1.8495973e-04   1.1275091e-03
   1.8356000e+00   1.4430914e-04   1.1526867e-03
   1.8390000e+00   1.1379806e-04   1.1338294e-03
   1.8424000e+00   7.0155888e-05   1.1578983e-03
   1.8458000e+00   1.5484302e-04   1.1488689e-03
   1.8491000e+00   4.2345890e-05   1.1689164e-03
   1.8525000e+00   1.2393726e-04   1.1597490e-03
   1.8559000e+00   9.3437712e-05   1.1811404e-03
   1.8593000e+00   1.4873172e-04   1.1694497e-03
   1.8626000e+00   1.0702254e-04   1.1844403e-03
   1.8660000e+00   6.1138381e-05   1.1736872e-03
   1.8694000e+00   6.4907257e-05   1.2026435e-03
   1.8727000e+00  -2.1320819e-05   1.1864636e-03
   1.8761000e+00   5.2162546e-05   1.2757641e-03
   1.8795000e+00  -3.2097243e-05   1.1972956e-03
   1.8829000e+00   2.8729307e-06   1.2110645e-03
   1.8862000e+00   5.4054165e-05   1.2765991e-03
   1.8896000e+00   1.0110392e-04   1.2206952e-03
   1.8930000e+00   9.7140944e-06   1.1977639e-03
   1.8964000e+00   7.0965353e-05   1.2419823e-03
   1.8997000e+00   1.9284856e-04   1.2893419e-03
   1.9031000e+00   4.7818760e-05   1.3053338e-03
   1.9065000e+00   6.8653071e-05   1.2951045e-03
   1.9098000e+00   3.0576523e-05   1.2465159e-03
   1.9132000e+00  -3.4639631e-05   1.2331666e-03
   1.9166000e+00  -1.0915397e-05   1.2535395e-03
   1.9200000e+00   1.0680265e-04   1.3169148e-03
   1.9233000e+00   2.7366476e-05   1.3258781e-03
   1.9267000e+00   1.3591509e-04   1.3151215e-03
   1.9301000e+00   9.3849778e-05   1.2596933e-03
   1.9334000e+00   6.5944299e-05   1.2648533e-03
   1.9368000e+00   4.9210722e-05   1.2584407e-03
   1.9402000e+00   7.8859945e-05   1.2668509e-03
   1.9435000e+00   1.3582811e-04   1.3437457e-03
   1.9469000e+00   4.8204630e-05   1.4105936e-03
   1.9503000e+00   6.6674366e-05   1.2864965e-03
   1.9537000e+00   4.3724399e-05   1.2662280e-03
   1.9570000e+00   6.7257873e-05   1.2850940e-03
   1.9604000e+00  -4.3770926e-05   1.2968409e-03
   1.9638000e+00  -8.8066897e-05   1.2764910e-03
   1.9671000e+00  -1.5963963e-05   1.3008728e-03
   1.9705000e+00  -3.6024209e-05   1.2875505e-03
   1.9739000e+00   2.8758740e-05   1.2735907e-03
   1.9772000e+00   5.5198826e-05   1.2972748e-03
   1.9806000e+00   8.5719518e-05   1.3558386e-03
   1.9840000e+00  -8.1931525e-05   1.2921381e-03
   1.9874000e+00  -6.1606886e-05   1.3036126e-03
   1.9907000e+00  -1.2720426e-04   1.3542534e-03
   1.9941000e+00  -1.3923822e-04   1.3775058e-03
   1.9975000e+00  -1.0475486e-04   1.2897737e-03
   2.0008000e+00  -3.4949439e-05   1.3017371e-03
   2.0042000e+00   3.7801837e-05   1.2938589e-03
   2.0076000e+00   4.5881626e-05   1.2929699e-03
   2.0109000e+00   2.3623190e-05   1.3003047e-03
   2.0143000e+00  -3.4981198e-05   1.2980637e-03
   2.0177000e+00  -3.9083651e-05   1.2999522e-03
   2.0210000e+00  -1.2904328e-04   1.3757707e-03
   2.0244000e+00  -1.3865299e-05   1.2800801e-03
   2.0278000e+00   2.7457607e-05   1.3147736e-03
   2.0311000e+00   1.3210181e-05   1.2839116e-03
   2.0345000e+00   6.8719119e-05   1.3848768e-03
   2.0379000e+00  -9.5683441e-08   1.2920598e-03
   2.0413000e+00  -1.0333630e-04   1.3691251e-03
   2.0446000e+00  -9.5413990e-05   1.2975023e-03
   2.0480000e+00  -9.0523615e-05   1.3520056e-03
   2.0514000e+00  -9.6809087e-05   1.2984519e-03
   2.0547000e+00  -5.5624344e-05   1.2909607e-03
   2.0581000e+00  -7.1927144e-05   1.2945514e-03
   2.0615000e+00  -4.9846723e-05   1.3035692e-03
   2.0648000e+00  -1.2577113e-05   1.2855916e-03
   2.0682000e+00  -1.7488020e-06   1.2870999e-03
   2.0716000e+00  -1.0097597e-04   1.2882393e-03
   2.0749000e+00  -9.2133039e-05   1.3460092e-03
   2.0783000e+00  -6.6065977e-05   1.2960386e-03
   2.0817000e+00   9.4093437e-06   1.3342728e-03
   2.0850000e+00  -5.8528428e-05   1.2915630e-03
   2.0884000e+00  -9.5235266e-05   1.2697773e-03
   2.0918000e+00  -1.3091872e-04   1.2855740e-03
   2.0951000e+00  -5.0355585e-05   1.2822351e-03
   2.0985000e+00  -2.2371618e-05   1.2762863e-03
   2.1019000e+00   5.1139664e-05   1.2769075e-03
   2.1052000e+00   1.0335774e-04   1.2877977e-03
   2.1086000e+00   2.0108694e-06   1.2465663e-03
   2.1119000e+00  -4.6872546e-05   1.2692954e-03
   2.1153000e+00   4.3805922e-05   1.3248701e-03
   2.1187000e+00  -2.1257604e-05   1.2730905e-03
   2.1220000e+00   3.0923452e-05   1.2552486e-03
   2.1254000e+00   3.9676565e-05   1.2670071e-03
   2.1288000e+00   2.6189751e-05   1.2584256e-03
   2.1321000e+00  -1.3398160e-04   1.2553487e-03
   2.1355000e+00  -1.0103635e-04   1.2692716e-03
   2.1389000e+00  -1.1252939e-04   1.2384842e-03
   2.1422000e+00  -1.6441136e-04   1.2612446e-03
   2.1456000e+00  -1.7888990e-04   1.2425738e-03
   2.1490000e+00  -2.1865558e-04   1.2463833e-03
   2.1523000e+00  -1.0897343e-04   1.2377101e-03
   2.1557000e+00  -7.7994850e-05   1.3114260e-03
   2.1591000e+00   9.5348650e-06   1.3029364e-03
   2.1624000e+00  -3.3396353e-05   1.3109712e-03
   2.1658000e+00  -1.2970791e-04   1.2324305e-03
   2.1691000e+00  -1.0800243e-04   1.2301852e-03
   2.1725000e+00  -1.5685338e-04   1.2925270e-03
   2.1759000e+00  -1.3909965e-04   1.2313260e-03
   2.1792000e+00  -1.1632992e-04   1.2196666e-03
   2.1826000e+00  -1.4599331e-04   1.2423621e-03
   2.1860000e+00  -4.0213646e-05   1.2817149e-03
   2.1893000e+00  -9.3233297e-05   1.2206920e-03
   2.1927000e+00  -5.4186665e-05   1.2810245e-03
   2.1961000e+00  -7.0871592e-05   1.2077553e-03
   2.1994000e+00  -1.0972959e-04   1.2132622e-03
   2.2028000e+00  -1.5256431e-04   1.1899138e-03
   2.2061000e+00  -1.6617109e-04   1.2190103e-03
   2.2095000e+00  -1.4735088e-04   1.2579567e-03
   2.2129000e+00  -9.6167826e-05   1.2703553e-03
   2.2162000e+00  -9.5623259e-05   1.1907262e-03
   2.2196000e+00  -7.2813885e-05   1.1856234e-03
   2.2230000e+00  -4.8936820e-05   1.2014083e-03
   2.2263000e+00  -3.0169414e-05   1.1912473e-03
   2.2297000e+00  -1.0030406e-04   1.2604951e-03
   2.2330000e+00  -4.0117457e-05   1.1747679e-03
   2.2364000e+00  -1.8290507e-05   1.1912012e-03
   2.2398000e+00   5.8148627e-05   1.2228947e-03
   2.2431000e+00   1.2305740e-05   1.2485564e-03
   2.2465000e+00   5.6421066e-05   1.2223483e-03
   2.2498000e+00   3.4393443e-06   1.2367419e-03
   2.2532000e+00  -9.6084178e-05   1.1649222e-03
   2.2566000e+00  -7.9318740e-05   1.1637665e-03
   2.2599000e+00  -9.4887427e-05   1.1680042e-03
   2.2633000e+00  -8.1191243e-05   1.1427726e-03
   2.2667000e+00  -2.0912597e-05   1.1597059e-03
   2.2700000e+00  -3.0482560e-05   1.1462944e-03
   2.2734000e+00  -3.7896003e-05   1.1682070e-03
   2.2767000e+00  -2.3152662e-05   1.1337368e-03
   2.2801000e+00  -5.5891570e-05   1.1625849e-03
   2.2835000e+00  -1.0578512e-04   1.1316866e-03
   2.2868000e+00  -1.0412766e-04   1.1460117e-03
   2.2902000e+00  -1.3278424e-04   1.2123520e-03
   2.2935000e+00  -9.5879359e-05   1.1483610e-03
   2.2969000e+00  -5.3812124e-05   1.1519309e-03
   2.3003000e+00  -1.9806776e-05   1.1203140e-03
   2.3036000e+00   5.1677554e-05   1.1982895e-03
   2.3070000e+00   4.3153232e-05   1.1725601e-03
   2.3103000e+00  -5.4280528e-05   1.1297427e-03
   2.3137000e+00  -4.4482888e-05   1.1095268e-03
   2.3171000e+00  -1.3421170e-05   1.1361258e-03
   2.3204000e+00   4.0799278e-05   1.1652422e-03
   2.3238000e+00  -1.1223668e-04   1.1214028e-03
   2.3271000e+00  -1.1564224e-04   1.1201286e-03
   2.3305000e+00  -4.6246963e-05   1.1294674e-03
   2.3338000e+00   2.4198403e-05   1.1311109e-03
   2.3372000e+00  -4.3843953e-05   1.1011231e-03
   2.3406000e+00  -1.3114387e-04   1.1119990e-03
   2.3439000e+00  -1.6185259e-04   1.0950048e-03
   2.3473000e+00  -9.9399316e-05   1.1612701e-03
   2.3506000e+00  -1.8161557e-04   1.1583293e-03
   2.3540000e+00  -7.2793555e-05   1.1027798e-03
   2.3573000e+00  -1.7513053e-04   1.2100636e-03
   2.3607000e+00  -2.0076156e-04   1.0938314e-03
   2.3641000e+00  -1.1313677e-04   1.1024871e-03
   2.3674000e+00  -2.2459109e-05   1.1385733e-03
   2.3708000e+00  -1.0977632e-04   1.1015165e-03
   2.3741000e+00  -1.0902481e-04   1.0812057e-03
   2.3775000e+00  -8.0022206e-05   1.1078534e-03
   2.3809000e+00  -3.9832126e-05   1.0746595e-03
   2.3842000e+00  -4.7216036e-05   1.0896829e-03
   2.3876000e+00   7.1789890e-06   1.0775045e-03
   2.3909000e+00   1.3424994e-04   1.1345726e-03
   2.3943000e+00  -1.0582528e-05   1.0740476e-03
   2.3976000e+00  -5.6345814e-05   1.0570836e-03
   2.4010000e+00  -1.1519285e-04   1.0718539e-03
   2.4043000e+00  -7.5049094e-05   1.0706741e-03
   2.4077000e+00  -4.5358604e-06   1.0872950e-03
   2.4111000e+00  -4.3271066e-05   1.0820866e-03
   2.4144000e+00  -1.7193890e-05   1.0718685e-03
   2.4178000e+00   3.7712020e-06   1.0610621e-03
   2.4211000e+00   2.8808069e-05   1.0591084e-03
   2.4245000e+00  -4.7323250e-06   1.1694389e-03
   2.4278000e+00  -5.6561638e-05   1.0658646e-03
   2.4312000e+00  -5.2762823e-05   1.0547008e-03
   2.4345000e+00   6.6478751e-06   1.0551556e-03
   2.4379000e+00   1.7577817e-05   1.0481100e-03
   2.4413000e+00  -4.0258231e-05   1.1107944e-03
   2.4446000e+00  -1.4176604e-05   1.1003098e-03
   2.4480000e+00  -1.5899204e-04   1.1164176e-03
   2.4513000e+00  -4.0891431e-05   1.0568019e-03
   2.4547000e+00  -6.3325021e-05   1.0619305e-03
   2.4580000e+00  -4.0219108e-05   1.0422115e-03
   2.4614000e+00  -3.0445035e-06   1.0385765e-03
   2.4647000e+00  -1.7300790e-05   1.0446230e-03
   2.4681000e+00   5.4335167e-05   1.0925041e-03
   2.4714000e+00  -1.4667260e-05   1.0527044e-03
   2.4748000e+00   2.4631173e-05   1.0951524e-03
   2.4781000e+00   6.1258238e-06   1.0453032e-03
   2.4815000e+00  -8.1054899e-06   1.0341869e-03
   2.4849000e+00  -3.2576297e-05   1.0273947e-03
   2.4882000e+00   8.7651322e-05   1.0999626e-03
   2.4916000e+00   9.9655679e-05   1.0793707e-03
   2.4949000e+00  -2.0857503e-05   1.0348051e-03
   2.4983000e+00   1.6441915e-05   1.0230888e-03
   2.5016000e+00  -3.8329431e-05   1.0861157e-03
   2.5050000e+00  -1.9326356e-05   1.0269162e-03
   2.5083000e+00  -1.5394798e-05   1.0227336e-03
   2.5117000e+00  -4.4800120e-05   1.0360304e-03
   2.5150000e+00   1.1688922e-04   1.0729905e-03
   2.5184000e+00   7.0209485e-05   1.0883359e-03
   2.5217000e+00   1.7519061e-05   1.0764431e-03
   2.5251000e+00  -6.9535058e-06   1.0276190e-03
   2.5284000e+00  -4.1356467e-05   1.0276671e-03
   2.5318000e+00  -6.9783633e-05   1.0186678e-03
   2.5351000e+00  -3.1411619e-05   1.0256472e-03
   2.5385000e+00   7.7595346e-05   1.0704098e-03
   2.5418000e+00   7.7204500e-06   1.0443268e-03
   2.5452000e+00   4.6240995e-06   1.0247687e-03
   2.5485000e+00   1.0573900e-05   1.0216523e-03
   2.5519000e+00  -1.8779929e-05   1.0255893e-03
   2.5552000e+00  -8.5562540e-05   1.0765234e-03
   2.5586000e+00  -4.6239185e-05   1.0179598e-03
   2.5619000e+00  -9.3814195e-05   1.0181165e-03
   2.5653000e+00  -6.3572907e-05   1.0224759e-03
   2.5686000e+00  -2.3201768e-05   1.0208701e-03
   2.5720000e+00  -5.6560909e-05   1.0692949e-03
   2.5753000e+00   9.8060406e-05   1.0752890e-03
   2.5787000e+00   1.5151915e-04   1.0125963e-03
   2.5820000e+00   1.9693845e-04   1.0105541e-03
   2.5854000e+00   2.5358952e-04   1.0097963e-03
   2.5887000e+00   2.1206561e-04   1.0104357e-03
   2.5921000e+00   1.7260829e-04   1.0213867e-03
   2.5954000e+00   1.2598615e-04   1.0254810e-03
   2.5988000e+00   1.0776087e-04   1.0296818e-03
   2.6021000e+00   1.5120218e-04   1.0689027e-03
   2.6055000e+00   1.1372766e-04   1.0645686e-03
   2.6088000e+00   1.3394834e-04   1.0677912e-03
   2.6122000e+00   1.2076187e-04   1.0643463e-03
   2.6155000e+00  -1.0773310e-04   1.0883271e-03
   2.6189000e+00  -9.1626402e-05   1.0510878e-03
   2.6222000e+00  -4.8191825e-05   1.0197566e-03
   2.6256000e+00  -6.7423701e-05   1.0177019e-03
   2.6289000e+00  -6.5433070e-05   1.0088327e-03
   2.6323000e+00  -8.7718381e-05   1.0295871e-03
   2.6356000e+00  -5.6357870e-05   1.0064080e-03
   2.6390000e+00   1.6408739e-05   1.0215870e-03
   2.6423000e+00   6.7984137e-05   1.0203936e-03
   2.6457000e+00   5.2805102e-05   1.0098028e-03
   2.6490000e+00   8.2093874e-05   1.0161160e-03
   2.6524000e+00   1.2051949e-04   1.0585128e-03
   2.6557000e+00   2.7462301e-05   1.0094954e-03
   2.6591000e+00  -2.7120672e-05   1.0203486e-03
   2.6624000e+00   3.7609196e-05   1.0152722e-03
   2.6657000e+00   1.1645793e-04   1.0192426e-03
   2.6691000e+00   1.0633338e-04   1.0153207e-03
   2.6724000e+00   5.1765267e-05   1.0337452e-03
   2.6758000e+00   1.8506776e-05   1.0197053e-03
   2.6791000e+00   1.7468317e-05   1.0126944e-03
   2.6825000e+00   6.3483738e-06   1.0667126e-03
   2.6858000e+00   2.9567893e-05   1.0027880e-03
   2.6892000e+00   9.8282642e-05   1.0064099e-03
   2.6925000e+00   1.4992213e-04   1.0161861e-03
   2.6959000e+00   6.1944519e-05   1.0634088e-03
   2.6992000e+00   6.6011864e-05   1.0774754e-03
   2.7025000e+00   1.2972929e-04   1.0166740e-03
   2.7059000e+00   1.3278729e-04   1.0620214e-03
   2.7092000e+00   1.5521058e-05   1.0128369e-03
   2.7126000e+00  -1.6177784e-06   1.0631203e-03
   2.7159000e+00   1.2677559e-04   1.0213121e-03
   2.7193000e+00   9.4466977e-05   1.0018667e-03
   2.7226000e+00   6.9165544e-05   1.0113102e-03
   2.7260000e+00   6.7225274e-05   1.0174381e-03
   2.7293000e+00   8.1378554e-05   1.0121502e-03
   2.7326000e+00   6.7226275e-05   1.0143971e-03
   2.7360000e+00   7.3316637e-05   1.0202636e-03
   2.7393000e+00   5.9205646e-05   1.0126540e-03
   2.7427000e+00   9.1575971e-05   1.0112857e-03
   2.7460000e+00   7.4373555e-05   1.0185761e-03
   2.7494000e+00   6.3283551e-05   1.0123484e-03
   2.7527000e+00   6.0294111e-05   1.0166788e-03
   2.7560000e+00   6.9327184e-05   1.0125857e-03
   2.7594000e+00   1.2505498e-04   1.0853079e-03
   2.7627000e+00   7.5489400e-05   1.0626915e-03
   2.7661000e+00   4.7229144e-05   1.0164885e-03
   2.7694000e+00   3.1060129e-05   1.0159220e-03
   2.7728000e+00   4.0152737e-05   1.0109210e-03
   2.7761000e+00   3.1032143e-05   1.0759726e-03
   2.7794000e+00   2.7040009e-05   1.0722269e-03
   2.7828000e+00  -8.3347155e-06   1.0153210e-03
   2.7861000e+00  -7.3365632e-06   1.0164628e-03
   2.7895000e+00   2.1937573e-05   1.0727243e-03
   2.7928000e+00   6.0375159e-05   1.0778670e-03
   2.7962000e+00   8.5712882e-05   1.0806837e-03
   2.7995000e+00   2.8015727e-05   1.0689958e-03
   2.8028000e+00   5.5310319e-05   1.0180889e-03
   2.8062000e+00   5.4308404e-05   1.0227171e-03
   2.8095000e+00   7.8572531e-05   1.0693687e-03
   2.8129000e+00   3.7135391e-05   1.0282038e-03
   2.8162000e+00   1.0174778e-04   1.0117772e-03
   2.8195000e+00   2.4827092e-05   1.0789460e-03
   2.8229000e+00   9.6720362e-05   1.0122118e-03
   2.8262000e+00   5.7210596e-05   1.0656448e-03
   2.8296000e+00   7.0303398e-05   1.0241289e-03
   2.8329000e+00   4.9123494e-05   1.0133214e-03
   2.8362000e+00   1.5113242e-04   1.0172783e-03
   2.8396000e+00   2.1683525e-04   1.0136030e-03
   2.8429000e+00   1.7325720e-04   1.0103960e-03
   2.8463000e+00   1.8225422e-04   1.0103722e-03
   2.8496000e+00   1.1759026e-04   1.0147241e-03
   2.8529000e+00   5.2744313e-05   1.0743089e-03
   2.8563000e+00   6.4854894e-05   1.0172102e-03
   2.8596000e+00   1.0626296e-04   1.0217499e-03
   2.8629000e+00   6.1720502e-05   1.0142685e-03
   2.8663000e+00   7.7801854e-05   1.0177174e-03
   2.8696000e+00   6.9617572e-05   1.0147921e-03
   2.8730000e+00   8.8737319e-05   1.0107192e-03
   2.8763000e+00   1.1297308e-04   1.0280113e-03
   2.8796000e+00   1.8968740e-04   1.0614217e-03
   2.8830000e+00   6.9244629e-05   1.0155110e-03
   2.8863000e+00   1.7572557e-05   1.0103662e-03
   2.8897000e+00   7.9052010e-05   1.0008342e-03
   2.8930000e+00   1.3455496e-04   1.0191296e-03
   2.8963000e+00   1.5973242e-04   9.9784772e-04
   2.8997000e+00   3.9199837e-05   1.0073344e-03
   2.9030000e+00   2.5989170e-05   1.0120244e-03
   2.9063000e+00   2.5875412e-05   1.0055679e-03
   2.9097000e+00   5.6010517e-05   1.0016394e-03
   2.9130000e+00   1.7516719e-04   1.0632822e-03
   2.9163000e+00   1.0625977e-04   1.0026731e-03
   2.9197000e+00   8.2895925e-05   1.1118718e-03
   2.9230000e+00   8.8714227e-05   1.0665425e-03
   2.9264000e+00   1.3408402e-04   9.9713215e-04
   2.9297000e+00   1.0557062e-04   9.9730071e-04
   2.9330000e+00   8.0116554e-05   1.0584688e-03
   2.9364000e+00   7.5903580e-05   9.9427317e-04
   2.9397000e+00   4.4287273e-05   1.0031387e-03
   2.9430000e+00   3.4028663e-05   9.9322906e-04
   2.9464000e+00   1.0055246e-04   9.8606171e-04
   2.9497000e+00   7.4977221e-05   1.0515789e-03
   2.9530000e+00   1.0407214e-04   9.8255135e-04
   2.9564000e+00   6.4418118e-05   9.7860111e-04
   2.9597000e+00   8.2410812e-05   9.9188244e-04
   2.9630000e+00   8.9187445e-05   1.0381770e-03
   2.9664000e+00   1.3845288e-04   1.0413215e-03
   2.9697000e+00   6.8447220e-05   9.7711907e-04
   2.9730000e+00   9.4498018e-05   9.7088685e-04
   2.9764000e+00   3.3508978e-05   9.7918410e-04
   2.9797000e+00   1.1024310e-05   9.7817846e-04
   2.9830000e+00  -5.5000349e-05   1.0296263e-03
   2.9864000e+00  -2.4901181e-05   9.7108672e-04
   2.9897000e+00   3.9458728e-05   9.6689843e-04
   2.9930000e+00   6.8495487e-05   9.6342339e-04
   2.9964000e+00   1.0556589e-04   9.6736663e-04
   2.9997000e+00   9.5131936e-05   9.6574033e-04
   3.0030000e+00   1.1292911e-04   1.0134952e-03
   3.0064000e+00   1.0346929e-04   1.0153773e-03
   3.0097000e+00   1.2742262e-04   9.5130099e-04
   3.0130000e+00   1.0285163e-04   9.5382742e-04
   3.0164000e+00   1.0150766e-04   9.5087110e-04
   3.0197000e+00   4.2475649e-05   1.0084952e-03
   3.0230000e+00   5.7279911e-05   9.3857379e-04
   3.0264000e+00   9.5246362e-05   1.0001161e-03
   3.0297000e+00   9.0934801e-05   9.3423556e-04
   3.0330000e+00   1.2725938e-05   9.3917521e-04
   3.0364000e+00   4.1629771e-05   9.3552542e-04
   3.0397000e+00   8.8841670e-06   9.3057509e-04
   3.0430000e+00   3.3750442e-05   9.2381012e-04
   3.0463000e+00   5.4546692e-05   9.2968747e-04
   3.0497000e+00   6.9382278e-05   9.1926166e-04
   3.0530000e+00   2.4461846e-05   9.2477395e-04
   3.0563000e+00   7.9607935e-05   1.0292411e-03
   3.0597000e+00   3.9823934e-05   9.1327699e-04
   3.0630000e+00   4.9498369e-05   9.1314065e-04
   3.0663000e+00   9.7567697e-05   9.6135571e-04
   3.0697000e+00   3.7521078e-05   8.9686693e-04
   3.0730000e+00   7.3463025e-05   8.9811617e-04
   3.0763000e+00   8.9153258e-05   9.0515501e-04
   3.0796000e+00   4.3292580e-05   8.9716210e-04
   3.0830000e+00   4.1785788e-05   8.8462735e-04
   3.0863000e+00   3.4304415e-05   9.3986073e-04
   3.0896000e+00   1.5567301e-05   9.3305473e-04
   3.0930000e+00   2.6273823e-05   8.8345626e-04
   3.0963000e+00   9.7680656e-05   9.3957859e-04
   3.0996000e+00   7.5934905e-05   9.0298909e-04
   3.1029000e+00   8.0509939e-05   9.0419695e-04
   3.1063000e+00   1.1542451e-04   9.6203081e-04
   3.1096000e+00   1.3824802e-04   1.0147879e-03
   3.1129000e+00   1.2464308e-04   9.1307325e-04
   3.1163000e+00   9.5791272e-05   9.1546368e-04
   3.1196000e+00   1.3413888e-06   9.6725796e-04
   3.1229000e+00   4.8324841e-05   9.1304259e-04
   3.1262000e+00   1.2174851e-04   9.6729919e-04
   3.1296000e+00   1.1110759e-04   9.7068725e-04
   3.1329000e+00   1.3589234e-04   9.6723104e-04
   3.1362000e+00   1.6477216e-04   9.1434551e-04
   3.1395000e+00   1.2285708e-04   9.2636289e-04
   3.1429000e+00   6.4754517e-05   9.1036892e-04
   3.1462000e+00   6.8290172e-05   9.0944064e-04
   3.1495000e+00   8.5986056e-05   9.2331210e-04
   3.1528000e+00   5.7148088e-05   9.0631286e-04
   3.1562000e+00   2.6411998e-05   9.0727419e-04
   3.1595000e+00   6.4296703e-05   9.2157946e-04
   3.1628000e+00   6.0828431e-05   9.1896011e-04
   3.1662000e+00   9.3691132e-05   8.9865411e-04
   3.1695000e+00   1.1144326e-04   9.0699672e-04
   3.1728000e+00   9.6816956e-05   9.1449945e-04
   3.1761000e+00   8.7255247e-05   9.5465226e-04
   3.1794000e+00   2.0024683e-05   9.5312002e-04
   3.1828000e+00   6.7019180e-05   9.5945916e-04
   3.1861000e+00   6.4579081e-05   9.4246533e-04
   3.1894000e+00   1.2376325e-04   8.9966438e-04
   3.1927000e+00   8.4867733e-05   9.0447703e-04
   3.1961000e+00   7.5310322e-05   8.8731366e-04
   3.1994000e+00   1.4155313e-05   8.9237324e-04
   3.2027000e+00   1.1800196e-05   9.0097739e-04
   3.2060000e+00   5.7942422e-05   8.8541348e-04
   3.2094000e+00   8.5783097e-05   8.8714212e-04
   3.2127000e+00   1.2992845e-04   9.4301000e-04
   3.2160000e+00   9.7252720e-05   8.8441400e-04
   3.2193000e+00  -1.8103064e-05   9.2865954e-04
   3.2227000e+00   4.1090556e-05   8.8372364e-04
   3.2260000e+00   7.7562474e-05   8.8577420e-04
   3.2293000e+00   1.1249512e-04   9.1925424e-04
   3.2326000e+00   9.3669689e-05   8.7553088e-04
   3.2359000e+00   4.0612310e-05   9.3243501e-04
   3.2393000e+00   6.2306093e-05   8.6898416e-04
   3.2426000e+00   3.4567332e-05   8.7287428e-04
   3.2459000e+00  -6.3739736e-07   8.6772892e-04
   3.2492000e+00   4.8408822e-05   8.6816683e-04
   3.2526000e+00   7.5216197e-05   9.1351197e-04
   3.2559000e+00   6.0876192e-05   8.6338629e-04
   3.2592000e+00   8.4403263e-05   9.1001546e-04
   3.2625000e+00   1.7747478e-05   8.5459789e-04
   3.2658000e+00   2.8501194e-05   9.0460352e-04
   3.2692000e+00   1.0718680e-05   8.6403369e-04
   3.2725000e+00   1.8218936e-05   8.6082925e-04
   3.2758000e+00   1.4771622e-05   8.4498864e-04
   3.2791000e+00   1.3441197e-05   8.5566656e-04
   3.2824000e+00   7.7292062e-05   9.0216269e-04
   3.2858000e+00   2.5809809e-05   8.4309927e-04
   3.2891000e+00   1.2055851e-05   8.5735893e-04
   3.2924000e+00   5.6969728e-05   8.4781076e-04
   3.2957000e+00   4.8086189e-05   8.9338822e-04
   3.2990000e+00   1.1856250e-05   8.8889922e-04
   3.3023000e+00  -1.2934237e-05   8.4300931e-04
   3.3057000e+00   7.1114138e-05   8.4582969e-04
   3.3090000e+00   2.0882476e-05   8.3822018e-04
   3.3123000e+00   1.1999846e-05   8.3669779e-04
   3.3156000e+00   1.1919041e-04   8.3647851e-04
   3.3189000e+00   6.0792333e-05   8.3176857e-04
   3.3223000e+00   1.0443323e-04   8.2998995e-04
   3.3256000e+00   4.9613159e-05   8.3190718e-04
   3.3289000e+00   2.4014703e-05   8.2833034e-04
   3.3322000e+00   5.6865245e-05   8.2498344e-04
   3.3355000e+00   6.8744567e-05   8.2516688e-04
   3.3388000e+00   5.7263030e-05   8.2551287e-04
   3.3422000e+00   7.2433578e-05   8.2765784e-04
   3.3455000e+00   1.1762613e-04   8.1086089e-04
   3.3488000e+00   1.2600583e-04   8.2091034e-04
   3.3521000e+00   1.4804331e-04   8.7000504e-04
   3.3554000e+00   8.5909822e-05   8.5604380e-04
   3.3587000e+00   1.0778049e-04   8.1217758e-04
   3.3621000e+00   9.9320686e-05   8.0892516e-04
   3.3654000e+00   9.6087971e-05   8.6517770e-04
   3.3687000e+00   7.1508908e-05   8.0497310e-04
   3.3720000e+00   8.7375873e-05   8.0636424e-04
   3.3753000e+00   7.7083531e-05   8.1004941e-04
   3.3786000e+00   3.8396086e-05   8.5042327e-04
   3.3819000e+00   2.3907995e-05   7.9843168e-04
   3.3853000e+00   6.6349700e-05   8.4485399e-04
   3.3886000e+00   7.6341205e-05   8.0844031e-04
   3.3919000e+00   6.7216414e-05   7.9909077e-04
   3.3952000e+00   4.3972428e-05   7.9198997e-04
   3.3985000e+00   1.1140262e-04   8.4752515e-04
   3.4018000e+00   4.5892560e-05   8.0830759e-04
   3.4051000e+00   1.1457121e-05   7.9738272e-04
   3.4085000e+00   6.8493858e-05   7.8668316e-04
   3.4118000e+00   8.5924569e-05   7.9377741e-04
   3.4151000e+00   8.6705391e-05   7.9600708e-04
   3.4184000e+00   2.0699514e-05   8.3059641e-04
   3.4217000e+00   5.4100095e-05   7.9681343e-04
   3.4250000e+00   9.3233864e-05   8.0056120e-04
   3.4283000e+00   1.2953951e-04   8.0167050e-04
   3.4317000e+00   1.1768178e-04   8.2584237e-04
   3.4350000e+00   1.2637107e-04   7.8885713e-04
   3.4383000e+00   1.3688083e-04   8.3217012e-04
   3.4416000e+00   1.6833677e-04   7.9593792e-04
   3.4449000e+00   1.4919393e-04   7.7852027e-04
   3.4482000e+00   9.0476310e-05   7.7987713e-04
   3.4515000e+00   1.0620566e-04   7.9091961e-04
   3.4548000e+00  -1.0484913e-05   8.3525573e-04
   3.4581000e+00   7.3162634e-05   7.9778376e-04
   3.4615000e+00   2.3072443e-05   7.8563558e-04
   3.4648000e+00   2.7509556e-05   7.8827147e-04
   3.4681000e+00   1.3283465e-04   7.9827530e-04
   3.4714000e+00   1.8567252e-04   7.9073848e-04
   3.4747000e+00   1.0683069e-04   7.9168634e-04
   3.4780000e+00   1.3690566e-04   8.4586790e-04
   3.4813000e+00   8.3685294e-05   7.9798547e-04
   3.4846000e+00   1.0479318e-04   7.9349300e-04
   3.4879000e+00   1.2327881e-04   8.3735707e-04
   3.4912000e+00   1.0559583e-04   8.4587768e-04
   3.4946000e+00   1.6933411e-04   8.9453831e-04
   3.4979000e+00   2.0974437e-04   7.9686198e-04
   3.5012000e+00   1.8075591e-04   8.0168530e-04
   3.5045000e+00   5.0783379e-05   8.4813009e-04
   3.5078000e+00   2.8444745e-05   8.1911282e-04
   3.5111000e+00   8.9415295e-05   7.9958247e-04
   3.5144000e+00   9.6576645e-05   8.1000416e-04
   3.5177000e+00   1.2416836e-04   8.4773148e-04
   3.5210000e+00   1.3283518e-04   8.6771336e-04
   3.5243000e+00   7.9961670e-05   8.5999244e-04
   3.5276000e+00   1.0159510e-04   8.5336726e-04
   3.5309000e+00   4.5341996e-05   8.2152400e-04
   3.5343000e+00   1.5172238e-05   9.1441642e-04
   3.5376000e+00   8.4906845e-05   8.2312524e-04
   3.5409000e+00   5.6824261e-05   8.1647165e-04
   3.5442000e+00   4.3813306e-05   8.2297861e-04
   3.5475000e+00   4.4325910e-05   8.2600683e-04
   3.5508000e+00   9.0523332e-05   8.8988321e-04
   3.5541000e+00   4.2886623e-05   8.7315571e-04
   3.5574000e+00   1.0083293e-04   8.7491423e-04
   3.5607000e+00   6.6742366e-05   8.3034307e-04
   3.5640000e+00   1.2113129e-04   9.2942543e-04
   3.5673000e+00   1.3441112e-04   8.3240247e-04
   3.5706000e+00   7.6658741e-05   8.3780873e-04
   3.5739000e+00   2.6013870e-05   8.8336245e-04
   3.5772000e+00   1.1305190e-04   8.4431428e-04
   3.5805000e+00   1.3195889e-05   8.5544223e-04
   3.5838000e+00   5.1904211e-05   8.4540844e-04
   3.5871000e+00   7.1790952e-05   8.3624500e-04
   3.5904000e+00   4.0697768e-05   8.9815354e-04
   3.5937000e+00   8.2659822e-05   9.0131216e-04
   3.5971000e+00   9.0029925e-05   8.5603121e-04
   3.6004000e+00   1.0163638e-04   8.4781759e-04
   3.6037000e+00   7.2427803e-05   8.5609007e-04
   3.6070000e+00   7.6258630e-05   8.7325536e-04
   3.6103000e+00   1.0180062e-04   8.7607074e-04
   3.6136000e+00   8.5879459e-05   8.6290369e-04
   3.6169000e+00   1.0694259e-04   8.6966243e-04
   3.6202000e+00   9.2287579e-05   8.7201258e-04
   3.6235000e+00   2.0242156e-05   9.2947294e-04
   3.6268000e+00   9.2650640e-05   8.8853706e-04
   3.6301000e+00   1.1719386e-04   8.7000081e-04
   3.6334000e+00   1.3579512e-04   8.8135884e-04
   3.6367000e+00   1.2684108e-04   8.8774554e-04
   3.6400000e+00   1.7273832e-04   9.4627339e-04
   3.6433000e+00   1.1403232e-04   9.0008744e-04
   3.6466000e+00   8.4898420e-05   8.9220265e-04
   3.6499000e+00   6.2366406e-05   8.9440999e-04
   3.6532000e+00   1.4418878e-04   9.0145222e-04
   3.6565000e+00   1.1340553e-04   9.1742915e-04
   3.6598000e+00  -8.1881620e-05   1.0102008e-03
   3.6631000e+00   3.5252945e-05   1.0066491e-03
   3.6664000e+00   6.5568089e-05   9.1354303e-04
   3.6697000e+00   7.3641729e-05   9.7627584e-04
   3.6730000e+00   1.6139276e-04   9.8239146e-04
   3.6763000e+00   5.7691208e-05   9.8315002e-04
   3.6796000e+00   9.1179542e-05   9.2403975e-04
   3.6829000e+00   4.2230605e-05   9.3188904e-04
   3.6862000e+00   8.2139581e-06   9.4217346e-04
   3.6895000e+00   6.7932917e-06   9.5026091e-04
   3.6928000e+00   4.1144739e-05   9.5493387e-04
   3.6961000e+00   2.3620884e-05   9.4400583e-04
   3.6994000e+00   8.6443880e-05   9.4915549e-04
   3.7027000e+00   6.8698516e-05   9.5573201e-04
   3.7060000e+00   4.5018068e-05   9.7480356e-04
   3.7093000e+00   6.4383152e-05   9.8507675e-04
   3.7126000e+00   2.0258632e-05   9.7124017e-04
   3.7159000e+00   7.2920482e-05   9.7229537e-04
   3.7192000e+00   1.1909350e-04   9.7498782e-04
   3.7225000e+00   1.3913484e-04   9.8945993e-04
   3.7258000e+00   1.1939488e-04   1.0663421e-03
   3.7291000e+00   3.7370624e-05   9.9007136e-04
   3.7324000e+00   5.3544737e-05   9.9750175e-04
   3.7357000e+00   1.0857400e-05   1.0580169e-03
   3.7389000e+00   1.1145145e-04   1.0653545e-03
   3.7422000e+00   7.3892660e-05   1.0759603e-03
   3.7455000e+00   8.7564225e-05   1.0305724e-03
   3.7488000e+00   1.1031167e-04   1.0150252e-03
   3.7521000e+00   5.9078456e-06   1.0830382e-03
   3.7554000e+00   4.9056061e-05   1.0417690e-03
   3.7587000e+00  -1.2962628e-05   1.0382653e-03
   3.7620000e+00   2.5846363e-05   1.0603847e-03
   3.7653000e+00   1.2935473e-04   1.0597721e-03
   3.7686000e+00   5.3891220e-05   1.0572903e-03
   3.7719000e+00   1.2060323e-04   1.0569088e-03
   3.7752000e+00   5.8277901e-05   1.0579809e-03
   3.7785000e+00   1.0799651e-04   1.0774668e-03
   3.7818000e+00   1.8300610e-04   1.1062215e-03
   3.7851000e+00   1.0353197e-04   1.0721580e-03
   3.7884000e+00   5.3291934e-06   1.0858370e-03
   3.7917000e+00   9.7520340e-06   1.1589658e-03
   3.7950000e+00   1.6853192e-05   1.1043730e-03
   3.7982000e+00   1.0527960e-05   1.1128726e-03
   3.8015000e+00   1.1897151e-04   1.1439840e-03
   3.8048000e+00   7.1312100e-05   1.1824070e-03
   3.8081000e+00   1.1850954e-04   1.1223046e-03
   3.8114000e+00   1.2273052e-04   1.2038218e-03
   3.8147000e+00   1.9473854e-04   1.2110955e-03
   3.8180000e+00   8.6097740e-05   1.2261285e-03
   3.8213000e+00   1.5956680e-04   1.1899715e-03
   3.8246000e+00   2.2119552e-04   1.2322477e-03
   3.8279000e+00   2.0700102e-04   1.1675333e-03
   3.8312000e+00   1.8726722e-04   1.1864561e-03
   3.8345000e+00   1.1500047e-04   1.1932656e-03
   3.8377000e+00   7.5736619e-05   1.2086538e-03
   3.8410000e+00   6.4373594e-05   1.2220817e-03
   3.8443000e+00   1.1831743e-04   1.2434124e-03
   3.8476000e+00   1.9392838e-04   1.2163386e-03
   3.8509000e+00   4.5665246e-05   1.2307283e-03
   3.8542000e+00   1.1688754e-05   1.2478672e-03
   3.8575000e+00  -1.3935555e-05   1.3267520e-03
   3.8608000e+00   5.9871233e-06   1.2693634e-03
   3.8641000e+00   1.1123573e-04   1.3751326e-03
   3.8674000e+00   1.3468018e-04   1.3612010e-03
   3.8706000e+00   8.7703290e-05   1.4287786e-03
   3.8739000e+00   4.6314740e-05   1.2886820e-03
   3.8772000e+00   4.9311412e-05   1.3131524e-03
   3.8805000e+00   7.5160041e-05   1.4784840e-03
   3.8838000e+00   9.0224306e-05   1.3558425e-03
   3.8871000e+00   1.1181351e-04   1.3923224e-03
   3.8904000e+00   8.0820020e-05   1.3465970e-03
   3.8937000e+00   8.3765906e-05   1.4358394e-03
   3.8969000e+00   1.0937187e-04   1.3745368e-03
   3.9002000e+00   3.2328006e-05   1.3908649e-03
   3.9035000e+00  -8.0906074e-05   1.5701836e-03
   3.9068000e+00   6.2845460e-05   1.4217085e-03
   3.9101000e+00   4.6632488e-05   1.4626134e-03
   3.9134000e+00   4.0536785e-05   1.4518694e-03
   3.9167000e+00   1.2569586e-04   1.4494249e-03
   3.9200000e+00   1.9949797e-04   1.4581125e-03
   3.9232000e+00   2.1329829e-04   1.4835574e-03
   3.9265000e+00   3.3172094e-05   1.5820946e-03
   3.9298000e+00   9.3887606e-05   1.5184099e-03
   3.9331000e+00   5.3364152e-05   1.5498067e-03
   3.9364000e+00   1.1215605e-04   1.7016213e-03
   3.9397000e+00   1.0817831e-04   1.5433601e-03
   3.9429000e+00   1.0681043e-04   1.5739725e-03
   3.9462000e+00   7.8446615e-05   1.5826651e-03
   3.9495000e+00   1.7100623e-05   1.6962449e-03
   3.9528000e+00   1.3807393e-04   1.6396659e-03
   3.9561000e+00   1.0465034e-04   1.6607905e-03
   3.9594000e+00   5.6392816e-05   1.7893104e-03
   3.9627000e+00   4.6454311e-05   1.7876334e-03
   3.9659000e+00   3.1346381e-05   1.6960297e-03
   3.9692000e+00  -3.9840602e-05   1.8203736e-03
   3.9725000e+00  -4.1293221e-05   1.8506478e-03
   3.9758000e+00   2.7619521e-05   1.7674530e-03
   3.9791000e+00  -3.4837906e-05   1.8170310e-03
   3.9823000e+00  -7.1005377e-05   1.8359314e-03
   3.9856000e+00   3.2500620e-05   1.8736736e-03
